[INPUT]
0
[OUTPUT]


[INPUT]
1
100
[OUTPUT]
100

[INPUT]
1
0
[OUTPUT]
0

[INPUT]
2
5 10
[OUTPUT]
5 10

[INPUT]
2
100 50
[OUTPUT]
50 100

[INPUT]
2
33 33
[OUTPUT]
33 33

[INPUT]
3
10 20 30
[OUTPUT]
10 20 30

[INPUT]
3
30 20 10
[OUTPUT]
10 20 30

[INPUT]
3
20 30 10
[OUTPUT]
10 20 30

[INPUT]
10
1 2 3 4 5 6 7 8 9 10
[OUTPUT]
1 2 3 4 5 6 7 8 9 10

[INPUT]
10
10 9 8 7 6 5 4 3 2 1
[OUTPUT]
1 2 3 4 5 6 7 8 9 10

[INPUT]
10
5 1 6 3 8 2 9 7 4 10
[OUTPUT]
1 2 3 4 5 6 7 8 9 10

[INPUT]
10
6 10 8 1 7 4 3 9 2 5
[OUTPUT]
1 2 3 4 5 6 7 8 9 10

[INPUT]
10
7 1 8 3 2 4 9 5 10 6
[OUTPUT]
1 2 3 4 5 6 7 8 9 10

[INPUT]
47
60 24 17 77 75 98 5 42 33 10 85 26 81 22 2 25 89 69 36 19 61 63 99 21 1 20 82 14 16 58 7 71 18 23 39 100 94 43 83 53 48 45 4 23 31 52 72
[OUTPUT]
1 2 4 5 7 10 14 16 17 18 19 20 21 22 23 23 24 25 26 31 33 36 39 42 43 45 48 52 53 58 60 61 63 69 71 72 75 77 81 82 83 85 89 94 98 99 100

[INPUT]
86
92 15 8 85 49 54 73 14 97 7 61 6 41 70 19 75 18 91 1 37 100 56 20 4 46 59 66 77 17 67 90 10 63 71 52 35 55 40 81 95 98 44 79 86 64 38 60 80 53 48 62 2 96 87 76 89 88 39 58 45 5 94 82 78 74 50 47 69 43 16 99 57 11 13 12 65 36 84 83 68 51 72 42 9 93 3
[OUTPUT]
1 2 3 4 5 6 7 8 9 10 11 12 13 14 15 16 17 18 19 20 35 36 37 38 39 40 41 42 43 44 45 46 47 48 49 50 51 52 53 54 55 56 57 58 59 60 61 62 63 64 65 66 67 68 69 70 71 72 73 74 75 76 77 78 79 80 81 82 83 84 85 86 87 88 89 90 91 92 93 94 95 96 97 98 99 100

[INPUT]
183
14 78 231 211 12 96 49 229 24 220 124 172 216 119 22 21 154 92 116 160 187 242 256 170 158 91 213 253 188 5 6 68 105 18 218 1 32 169 71 193 31 252 47 80 85 155 190 206 192 153 151 55 237 239 82 191 138 63 137 128 147 167 164 131 174 157 198 117 140 15 27 70 182 215 40 13 95 219 101 209 179 62 107 195 194 152 11 248 132 51 121 178 148 249 69 227 61 45 84 81 108 43 33 183 175 199 9 202 166 228 185 72 186 208 16 113 20 144 159 109 94 42 217 203 48 83 29 129 171 106 102 205 30 141 232 112 7 241 37 162 189 4 53 100 142 58 255 165 247 238 200 114 251 76 23 8 126 161 3 93 196 135 39 57 254 35 168 89 212 235 34 221 26 56 177 246 214 130 17 97 201 225 118
[OUTPUT]
1 3 4 5 6 7 8 9 11 12 13 14 15 16 17 18 20 21 22 23 24 26 27 29 30 31 32 33 34 35 37 39 40 42 43 45 47 48 49 51 53 55 56 57 58 61 62 63 68 69 70 71 72 76 78 80 81 82 83 84 85 89 91 92 93 94 95 96 97 100 101 102 105 106 107 108 109 112 113 114 116 117 118 119 121 124 126 128 129 130 131 132 135 137 138 140 141 142 144 147 148 151 152 153 154 155 157 158 159 160 161 162 164 165 166 167 168 169 170 171 172 174 175 177 178 179 182 183 185 186 187 188 189 190 191 192 193 194 195 196 198 199 200 201 202 203 205 206 208 209 211 212 213 214 215 216 217 218 219 220 221 225 227 228 229 231 232 235 237 238 239 241 242 246 247 248 249 251 252 253 254 255 256

[INPUT]
1024
77 816 212 947 74 981 900 805 13 512 970 234 443 139 669 829 835 729 149 625 551 907 851 977 174 94 668 251 298 484 950 162 811 490 550 390 644 854 586 31 135 813 731 382 636 521 693 436 399 800 22 26 42 909 458 691 499 856 867 387 904 872 522 927 321 553 839 279 305 39 6 404 836 717 100 643 295 525 95 612 828 467 580 418 707 124 891 113 318 784 958 878 570 488 808 615 315 452 624 865 7 451 267 806 1010 398 473 901 683 667 638 697 128 101 653 789 278 122 329 32 422 557 869 777 225 545 571 764 255 718 792 882 765 674 931 999 460 959 925 296 411 895 246 1021 131 340 355 903 559 1009 635 125 986 12 222 376 702 227 680 291 815 373 616 428 556 397 36 821 819 628 14 509 105 160 641 926 252 853 992 590 913 111 788 57 943 802 676 631 834 507 1022 626 89 798 197 427 482 799 881 994 423 589 186 617 647 381 187 27 454 739 692 44 243 883 1001 782 58 944 659 960 333 361 595 208 611 466 201 15 175 544 744 159 367 464 824 498 603 961 444 1012 410 289 35 183 666 938 733 372 526 154 358 193 409 485 312 587 565 369 657 301 848 822 859 696 530 457 529 4 347 945 602 165 123 783 694 979 740 433 309 985 541 540 185 736 892 363 297 942 538 911 442 244 700 359 984 842 425 331 833 677 324 518 389 753 1016 434 973 449 840 63 346 511 684 610 918 884 38 601 448 143 214 107 879 935 524 686 759 1011 804 685 807 207 797 832 678 81 779 332 660 46 917 706 597 242 898 109 150 952 176 760 49 455 256 220 248 548 216 3 16 622 285 486 88 82 132 341 266 450 310 394 221 286 322 238 54 194 905 103 894 916 304 241 37 967 871 491 793 138 629 555 920 639 308 72 494 112 401 604 748 725 120 606 537 274 146 786 573 577 463 435 47 102 974 141 572 858 384 902 440 924 385 178 705 939 757 708 730 690 719 142 505 817 850 825 649 547 431 383 728 188 91 71 1006 196 191 650 172 155 153 106 514 167 561 501 377 542 259 336 712 161 272 632 258 531 794 997 209 233 166 809 456 195 379 476 470 516 738 299 453 735 75 181 61 510 171 334 24 477 838 29 471 374 319 474 294 424 378 591 344 875 360 48 62 405 275 493 546 741 933 262 247 908 837 844 554 861 588 528 468 268 481 364 513 508 1007 758 417 778 830 862 585 608 30 11 699 672 204 96 375 517 989 413 56 287 627 415 568 857 592 20 445 104 663 437 504 245 396 23 348 55 620 637 215 889 325 810 714 1008 342 614 949 239 462 98 356 928 665 223 600 229 271 50 971 998 407 713 594 955 205 480 137 116 438 51 33 791 721 899 722 145 533 432 500 148 121 219 288 202 520 362 754 240 217 189 885 701 365 658 179 787 605 873 598 430 563 671 715 391 119 414 406 90 232 45 118 110 827 893 283 996 115 768 941 709 1023 752 675 87 915 574 527 769 876 887 734 906 716 795 732 965 954 339 302 292 845 395 108 237 703 855 897 552 43 52 579 136 820 863 2 774 923 70 253 163 966 864 173 772 912 726 847 623 303 200 846 963 280 654 169 203 307 770 868 338 206 133 664 755 487 543 326 496 83 388 593 656 987 400 439 584 265 151 980 270 951 419 957 1000 831 698 1019 144 469 801 922 814 84 18 250 621 67 761 766 670 210 126 34 1013 1004 459 775 742 343 235 78 190 642 673 8 92 919 1018 877 751 218 983 497 723 596 896 662 633 28 780 978 79 576 890 446 880 932 803 17 934 532 249 771 314 790 536 990 613 170 648 140 328 781 316 80 403 293 652 953 886 429 226 236 327 645 796 688 9 991 711 506 426 97 745 264 300 230 930 393 849 21 180 767 254 618 720 860 560 582 402 762 679 323 317 710 366 661 773 964 282 447 158 756 968 117 870 750 695 59 578 569 1003 479 335 86 211 60 134 10 354 192 1014 408 168 311 68 64 465 630 747 352 575 177 689 157 962 682 823 929 619 634 269 558 492 826 743 581 257 749 350 353 534 888 655 914 940 152 25 164 1020 1024 313 53 127 472 763 357 441 277 228 737 284 785 609 184 646 776 982 1015 489 812 320 290 995 65 330 1 495 988 199 519 818 392 156 41 66 461 535 640 852 386 937 948 147 910 349 583 420 969 841 483 368 351 213 85 69 224 936 539 564 976 129 975 523 724 567 956 371 306 681 182 475 566 651 746 73 599 503 130 562 946 40 380 866 231 261 76 412 276 19 549 704 478 416 874 5 515 114 281 260 99 502 1017 421 1002 727 687 972 921 273 263 198 337 93 843 1005 993 345 370 607
[OUTPUT]
1 2 3 4 5 6 7 8 9 10 11 12 13 14 15 16 17 18 19 20 21 22 23 24 25 26 27 28 29 30 31 32 33 34 35 36 37 38 39 40 41 42 43 44 45 46 47 48 49 50 51 52 53 54 55 56 57 58 59 60 61 62 63 64 65 66 67 68 69 70 71 72 73 74 75 76 77 78 79 80 81 82 83 84 85 86 87 88 89 90 91 92 93 94 95 96 97 98 99 100 101 102 103 104 105 106 107 108 109 110 111 112 113 114 115 116 117 118 119 120 121 122 123 124 125 126 127 128 129 130 131 132 133 134 135 136 137 138 139 140 141 142 143 144 145 146 147 148 149 150 151 152 153 154 155 156 157 158 159 160 161 162 163 164 165 166 167 168 169 170 171 172 173 174 175 176 177 178 179 180 181 182 183 184 185 186 187 188 189 190 191 192 193 194 195 196 197 198 199 200 201 202 203 204 205 206 207 208 209 210 211 212 213 214 215 216 217 218 219 220 221 222 223 224 225 226 227 228 229 230 231 232 233 234 235 236 237 238 239 240 241 242 243 244 245 246 247 248 249 250 251 252 253 254 255 256 257 258 259 260 261 262 263 264 265 266 267 268 269 270 271 272 273 274 275 276 277 278 279 280 281 282 283 284 285 286 287 288 289 290 291 292 293 294 295 296 297 298 299 300 301 302 303 304 305 306 307 308 309 310 311 312 313 314 315 316 317 318 319 320 321 322 323 324 325 326 327 328 329 330 331 332 333 334 335 336 337 338 339 340 341 342 343 344 345 346 347 348 349 350 351 352 353 354 355 356 357 358 359 360 361 362 363 364 365 366 367 368 369 370 371 372 373 374 375 376 377 378 379 380 381 382 383 384 385 386 387 388 389 390 391 392 393 394 395 396 397 398 399 400 401 402 403 404 405 406 407 408 409 410 411 412 413 414 415 416 417 418 419 420 421 422 423 424 425 426 427 428 429 430 431 432 433 434 435 436 437 438 439 440 441 442 443 444 445 446 447 448 449 450 451 452 453 454 455 456 457 458 459 460 461 462 463 464 465 466 467 468 469 470 471 472 473 474 475 476 477 478 479 480 481 482 483 484 485 486 487 488 489 490 491 492 493 494 495 496 497 498 499 500 501 502 503 504 505 506 507 508 509 510 511 512 513 514 515 516 517 518 519 520 521 522 523 524 525 526 527 528 529 530 531 532 533 534 535 536 537 538 539 540 541 542 543 544 545 546 547 548 549 550 551 552 553 554 555 556 557 558 559 560 561 562 563 564 565 566 567 568 569 570 571 572 573 574 575 576 577 578 579 580 581 582 583 584 585 586 587 588 589 590 591 592 593 594 595 596 597 598 599 600 601 602 603 604 605 606 607 608 609 610 611 612 613 614 615 616 617 618 619 620 621 622 623 624 625 626 627 628 629 630 631 632 633 634 635 636 637 638 639 640 641 642 643 644 645 646 647 648 649 650 651 652 653 654 655 656 657 658 659 660 661 662 663 664 665 666 667 668 669 670 671 672 673 674 675 676 677 678 679 680 681 682 683 684 685 686 687 688 689 690 691 692 693 694 695 696 697 698 699 700 701 702 703 704 705 706 707 708 709 710 711 712 713 714 715 716 717 718 719 720 721 722 723 724 725 726 727 728 729 730 731 732 733 734 735 736 737 738 739 740 741 742 743 744 745 746 747 748 749 750 751 752 753 754 755 756 757 758 759 760 761 762 763 764 765 766 767 768 769 770 771 772 773 774 775 776 777 778 779 780 781 782 783 784 785 786 787 788 789 790 791 792 793 794 795 796 797 798 799 800 801 802 803 804 805 806 807 808 809 810 811 812 813 814 815 816 817 818 819 820 821 822 823 824 825 826 827 828 829 830 831 832 833 834 835 836 837 838 839 840 841 842 843 844 845 846 847 848 849 850 851 852 853 854 855 856 857 858 859 860 861 862 863 864 865 866 867 868 869 870 871 872 873 874 875 876 877 878 879 880 881 882 883 884 885 886 887 888 889 890 891 892 893 894 895 896 897 898 899 900 901 902 903 904 905 906 907 908 909 910 911 912 913 914 915 916 917 918 919 920 921 922 923 924 925 926 927 928 929 930 931 932 933 934 935 936 937 938 939 940 941 942 943 944 945 946 947 948 949 950 951 952 953 954 955 956 957 958 959 960 961 962 963 964 965 966 967 968 969 970 971 972 973 974 975 976 977 978 979 980 981 982 983 984 985 986 987 988 989 990 991 992 993 994 995 996 997 998 999 1000 1001 1002 1003 1004 1005 1006 1007 1008 1009 1010 1011 1012 1013 1014 1015 1016 1017 1018 1019 1020 1021 1022 1023 1024

[INPUT]
1024
592 143 409 730 707 541 245 90 985 620 107 706 487 728 821 158 394 734 247 477 918 596 488 212 575 326 171 9 930 771 272 639 201 583 424 358 903 722 783 638 402 604 872 693 343 338 75 795 188 62 164 507 992 568 718 12 412 365 445 254 261 916 585 839 520 462 512 224 881 294 501 61 332 882 58 747 896 610 878 545 645 384 428 131 136 70 147 883 738 470 1020 229 988 341 768 577 69 510 802 270 748 372 941 522 715 667 938 249 405 832 80 243 950 716 648 217 762 590 110 363 758 306 917 744 859 885 130 274 874 117 355 307 418 451 1019 876 364 521 942 109 176 450 1010 444 537 119 292 380 84 700 304 529 298 603 397 908 519 195 823 63 652 45 259 663 763 1024 656 767 816 673 264 186 983 353 374 532 262 82 116 877 288 283 969 388 178 897 222 863 236 368 799 657 101 710 408 933 769 991 441 733 436 278 189 880 518 703 491 601 498 812 494 565 540 448 132 773 489 417 737 162 335 379 286 523 296 134 30 289 277 200 319 994 263 113 824 528 913 56 218 301 403 347 531 944 1007 740 95 155 595 395 98 135 202 438 260 993 77 354 675 978 970 265 968 16 525 348 192 435 85 778 96 653 152 81 204 493 154 680 945 313 999 836 607 791 997 777 47 7 691 534 563 3 676 761 452 630 746 495 310 29 181 923 972 1008 468 253 1023 281 32 688 432 349 308 685 505 995 273 782 957 552 905 727 735 809 124 696 646 632 642 788 609 28 965 327 153 478 442 927 562 434 677 356 796 279 855 473 650 602 979 227 750 662 711 1011 697 215 907 943 921 214 415 24 867 781 251 860 535 185 898 453 517 13 967 840 804 345 138 407 736 925 112 764 899 139 456 357 482 140 661 986 484 981 469 420 792 148 714 323 157 665 843 553 984 902 235 414 822 325 702 655 342 624 187 183 593 159 926 857 640 226 861 828 835 949 496 94 996 539 321 22 151 74 784 443 559 1004 228 190 299 208 302 295 234 1014 314 765 166 623 399 940 373 73 11 121 331 621 566 282 912 847 108 52 864 163 120 627 842 717 725 827 475 815 305 400 103 780 530 527 749 83 961 60 239 464 421 322 15 4 267 557 684 679 44 99 934 690 629 879 19 474 766 613 360 237 145 955 476 547 449 723 850 826 290 25 199 506 269 460 285 958 708 854 46 78 948 97 951 220 555 581 833 406 658 276 472 371 721 329 480 834 457 554 23 550 919 803 137 516 122 726 378 33 584 209 649 463 381 240 628 31 225 801 317 971 6 509 242 904 369 280 466 564 980 831 914 382 990 561 871 211 2 89 890 947 776 580 351 732 10 929 820 37 626 931 760 597 361 333 161 544 486 483 26 558 160 125 793 172 252 546 500 669 14 845 598 430 105 502 391 672 731 458 71 91 370 915 114 398 238 856 66 844 40 606 853 508 886 8 755 57 589 989 841 533 704 772 911 570 1000 324 745 814 330 739 548 862 977 51 946 300 100 194 1016 401 900 231 901 55 129 246 156 39 643 889 870 705 311 729 293 455 1021 1002 660 492 608 618 787 392 49 41 724 206 741 893 248 433 17 1015 952 800 68 266 216 389 779 497 416 542 775 858 133 297 636 481 64 223 790 184 698 315 359 169 551 210 959 599 1 118 467 681 569 362 770 426 644 612 387 203 631 811 284 48 244 892 376 422 976 191 146 38 1018 789 838 271 556 963 751 303 956 256 699 966 560 142 92 346 846 170 1006 873 431 588 753 875 666 701 413 594 884 339 574 678 79 987 429 393 504 439 42 686 423 637 115 591 53 18 515 659 605 713 641 1003 43 141 852 126 479 123 920 410 1012 526 752 173 829 1022 255 664 805 459 998 695 337 87 366 825 953 634 837 806 377 543 5 390 719 576 102 694 503 866 88 654 614 72 312 196 549 104 935 232 471 617 440 817 524 647 774 446 932 668 960 1009 150 165 144 924 937 611 485 1005 179 689 50 651 670 167 887 340 757 258 973 219 813 982 499 582 309 586 465 709 786 106 720 514 909 205 257 587 964 36 615 461 894 168 111 316 692 1013 375 177 888 687 411 807 759 567 149 682 573 344 578 221 241 437 797 385 922 851 425 367 619 818 287 454 849 93 230 352 20 674 250 895 447 975 320 743 233 600 1001 865 334 198 180 756 616 268 318 712 571 86 291 936 928 848 386 404 511 635 54 21 35 67 742 754 174 954 536 974 419 427 127 1017 275 869 910 572 819 633 328 939 625 891 798 830 868 538 182 622 76 579 65 193 962 383 336 810 513 34 808 906 175 213 671 207 59 27 683 490 197 350 128 785 794 396
[OUTPUT]
1 2 3 4 5 6 7 8 9 10 11 12 13 14 15 16 17 18 19 20 21 22 23 24 25 26 27 28 29 30 31 32 33 34 35 36 37 38 39 40 41 42 43 44 45 46 47 48 49 50 51 52 53 54 55 56 57 58 59 60 61 62 63 64 65 66 67 68 69 70 71 72 73 74 75 76 77 78 79 80 81 82 83 84 85 86 87 88 89 90 91 92 93 94 95 96 97 98 99 100 101 102 103 104 105 106 107 108 109 110 111 112 113 114 115 116 117 118 119 120 121 122 123 124 125 126 127 128 129 130 131 132 133 134 135 136 137 138 139 140 141 142 143 144 145 146 147 148 149 150 151 152 153 154 155 156 157 158 159 160 161 162 163 164 165 166 167 168 169 170 171 172 173 174 175 176 177 178 179 180 181 182 183 184 185 186 187 188 189 190 191 192 193 194 195 196 197 198 199 200 201 202 203 204 205 206 207 208 209 210 211 212 213 214 215 216 217 218 219 220 221 222 223 224 225 226 227 228 229 230 231 232 233 234 235 236 237 238 239 240 241 242 243 244 245 246 247 248 249 250 251 252 253 254 255 256 257 258 259 260 261 262 263 264 265 266 267 268 269 270 271 272 273 274 275 276 277 278 279 280 281 282 283 284 285 286 287 288 289 290 291 292 293 294 295 296 297 298 299 300 301 302 303 304 305 306 307 308 309 310 311 312 313 314 315 316 317 318 319 320 321 322 323 324 325 326 327 328 329 330 331 332 333 334 335 336 337 338 339 340 341 342 343 344 345 346 347 348 349 350 351 352 353 354 355 356 357 358 359 360 361 362 363 364 365 366 367 368 369 370 371 372 373 374 375 376 377 378 379 380 381 382 383 384 385 386 387 388 389 390 391 392 393 394 395 396 397 398 399 400 401 402 403 404 405 406 407 408 409 410 411 412 413 414 415 416 417 418 419 420 421 422 423 424 425 426 427 428 429 430 431 432 433 434 435 436 437 438 439 440 441 442 443 444 445 446 447 448 449 450 451 452 453 454 455 456 457 458 459 460 461 462 463 464 465 466 467 468 469 470 471 472 473 474 475 476 477 478 479 480 481 482 483 484 485 486 487 488 489 490 491 492 493 494 495 496 497 498 499 500 501 502 503 504 505 506 507 508 509 510 511 512 513 514 515 516 517 518 519 520 521 522 523 524 525 526 527 528 529 530 531 532 533 534 535 536 537 538 539 540 541 542 543 544 545 546 547 548 549 550 551 552 553 554 555 556 557 558 559 560 561 562 563 564 565 566 567 568 569 570 571 572 573 574 575 576 577 578 579 580 581 582 583 584 585 586 587 588 589 590 591 592 593 594 595 596 597 598 599 600 601 602 603 604 605 606 607 608 609 610 611 612 613 614 615 616 617 618 619 620 621 622 623 624 625 626 627 628 629 630 631 632 633 634 635 636 637 638 639 640 641 642 643 644 645 646 647 648 649 650 651 652 653 654 655 656 657 658 659 660 661 662 663 664 665 666 667 668 669 670 671 672 673 674 675 676 677 678 679 680 681 682 683 684 685 686 687 688 689 690 691 692 693 694 695 696 697 698 699 700 701 702 703 704 705 706 707 708 709 710 711 712 713 714 715 716 717 718 719 720 721 722 723 724 725 726 727 728 729 730 731 732 733 734 735 736 737 738 739 740 741 742 743 744 745 746 747 748 749 750 751 752 753 754 755 756 757 758 759 760 761 762 763 764 765 766 767 768 769 770 771 772 773 774 775 776 777 778 779 780 781 782 783 784 785 786 787 788 789 790 791 792 793 794 795 796 797 798 799 800 801 802 803 804 805 806 807 808 809 810 811 812 813 814 815 816 817 818 819 820 821 822 823 824 825 826 827 828 829 830 831 832 833 834 835 836 837 838 839 840 841 842 843 844 845 846 847 848 849 850 851 852 853 854 855 856 857 858 859 860 861 862 863 864 865 866 867 868 869 870 871 872 873 874 875 876 877 878 879 880 881 882 883 884 885 886 887 888 889 890 891 892 893 894 895 896 897 898 899 900 901 902 903 904 905 906 907 908 909 910 911 912 913 914 915 916 917 918 919 920 921 922 923 924 925 926 927 928 929 930 931 932 933 934 935 936 937 938 939 940 941 942 943 944 945 946 947 948 949 950 951 952 953 954 955 956 957 958 959 960 961 962 963 964 965 966 967 968 969 970 971 972 973 974 975 976 977 978 979 980 981 982 983 984 985 986 987 988 989 990 991 992 993 994 995 996 997 998 999 1000 1001 1002 1003 1004 1005 1006 1007 1008 1009 1010 1011 1012 1013 1014 1015 1016 1017 1018 1019 1020 1021 1022 1023 1024

[INPUT]
731
559 976 627 865 994 137 284 508 561 901 1010 56 610 357 1024 86 53 790 650 956 335 1005 782 267 814 518 276 799 762 416 539 468 871 245 15 857 300 488 451 683 644 847 497 675 838 223 613 853 965 473 366 513 969 145 680 800 842 157 517 716 405 92 756 89 620 902 84 995 572 718 349 242 942 1009 647 831 99 862 792 285 321 547 837 322 68 649 67 887 933 676 866 894 403 525 238 298 148 249 373 977 804 864 266 633 660 191 210 151 228 189 278 165 685 112 771 723 843 797 14 604 18 898 615 786 498 134 974 653 759 22 935 807 102 639 983 9 979 868 953 241 111 629 829 297 133 927 779 964 934 549 849 481 920 252 277 39 637 436 1002 851 72 224 353 431 358 8 30 929 25 788 471 44 833 176 763 336 144 845 333 527 12 369 569 538 364 38 161 347 564 75 131 609 450 608 576 815 311 348 926 591 251 747 921 330 170 574 420 698 470 500 430 961 260 813 119 828 355 493 371 503 642 408 715 700 943 1017 662 426 452 542 91 87 595 612 702 981 694 889 94 290 567 727 755 110 958 438 628 735 778 466 876 1014 235 915 384 523 993 7 363 852 47 212 494 472 455 766 657 218 936 919 899 554 247 306 439 149 966 370 453 719 381 706 183 601 705 767 248 351 412 243 331 824 713 487 946 377 931 490 710 617 582 672 202 226 573 51 65 544 506 690 989 317 196 302 655 794 717 69 139 916 258 1004 651 984 726 303 264 168 325 681 570 764 282 272 970 305 614 891 292 711 390 951 914 589 253 425 841 802 911 54 598 100 812 673 998 447 254 666 521 839 231 406 448 173 146 208 385 83 31 186 957 456 396 232 758 939 392 299 135 584 749 262 291 918 883 514 344 125 442 13 444 967 499 294 646 793 398 987 874 704 70 454 116 315 205 42 817 271 421 4 752 1003 374 928 71 502 744 783 437 760 796 45 534 712 388 130 414 937 429 62 556 55 78 787 160 821 491 103 809 882 394 193 738 741 261 791 959 402 263 504 79 76 275 413 246 978 774 184 59 221 423 533 435 382 750 459 118 826 104 795 445 217 443 830 309 172 17 114 341 530 696 551 222 740 996 460 701 511 81 182 631 185 529 962 626 152 227 923 986 122 583 329 378 938 486 579 578 803 383 581 730 772 155 671 509 825 476 742 107 123 177 686 623 138 174 469 768 1013 121 323 699 61 365 105 528 154 296 279 720 684 941 687 36 963 345 338 307 380 945 692 532 630 143 197 166 846 128 180 734 980 632 905 200 48 43 881 24 136 661 593 566 141 896 801 586 658 359 283 597 147 781 867 179 912 769 187 446 555 682 550 434 888 387 806 492 16 748 600 340 475 892 63 880 308 150 37 237 401 636 203 909 171 489 669 301 697 293 389 693 616 745 599 611 798 379 641 58 990 142 190 46 129 163 805 872 654 546 216 153 537 207 858 1019 95 268 707 181 1 215 1011 906 860 739 709 3 708 194 288 250 897 535 332 415 234 652 34 1007 328 877 1001 890 736 908 362 367 458 167 320 60 314 729 1012 859 501 903 982 560 204 562 432 835 356 635 973 571 884 74 606 350 213 548 643 64 85 467 553 20 313 516 619 924 140 424 106 834 900 689 40 375 478 326 88 77 410 1020 41 354 664 823 588 411
[OUTPUT]
1 3 4 7 8 9 12 13 14 15 16 17 18 20 22 24 25 30 31 34 36 37 38 39 40 41 42 43 44 45 46 47 48 51 53 54 55 56 58 59 60 61 62 63 64 65 67 68 69 70 71 72 74 75 76 77 78 79 81 83 84 85 86 87 88 89 91 92 94 95 99 100 102 103 104 105 106 107 110 111 112 114 116 118 119 121 122 123 125 128 129 130 131 133 134 135 136 137 138 139 140 141 142 143 144 145 146 147 148 149 150 151 152 153 154 155 157 160 161 163 165 166 167 168 170 171 172 173 174 176 177 179 180 181 182 183 184 185 186 187 189 190 191 193 194 196 197 200 202 203 204 205 207 208 210 212 213 215 216 217 218 221 222 223 224 226 227 228 231 232 234 235 237 238 241 242 243 245 246 247 248 249 250 251 252 253 254 258 260 261 262 263 264 266 267 268 271 272 275 276 277 278 279 282 283 284 285 288 290 291 292 293 294 296 297 298 299 300 301 302 303 305 306 307 308 309 311 313 314 315 317 320 321 322 323 325 326 328 329 330 331 332 333 335 336 338 340 341 344 345 347 348 349 350 351 353 354 355 356 357 358 359 362 363 364 365 366 367 369 370 371 373 374 375 377 378 379 380 381 382 383 384 385 387 388 389 390 392 394 396 398 401 402 403 405 406 408 410 411 412 413 414 415 416 420 421 423 424 425 426 429 430 431 432 434 435 436 437 438 439 442 443 444 445 446 447 448 450 451 452 453 454 455 456 458 459 460 466 467 468 469 470 471 472 473 475 476 478 481 486 487 488 489 490 491 492 493 494 497 498 499 500 501 502 503 504 506 508 509 511 513 514 516 517 518 521 523 525 527 528 529 530 532 533 534 535 537 538 539 542 544 546 547 548 549 550 551 553 554 555 556 559 560 561 562 564 566 567 569 570 571 572 573 574 576 578 579 581 582 583 584 586 588 589 591 593 595 597 598 599 600 601 604 606 608 609 610 611 612 613 614 615 616 617 619 620 623 626 627 628 629 630 631 632 633 635 636 637 639 641 642 643 644 646 647 649 650 651 652 653 654 655 657 658 660 661 662 664 666 669 671 672 673 675 676 680 681 682 683 684 685 686 687 689 690 692 693 694 696 697 698 699 700 701 702 704 705 706 707 708 709 710 711 712 713 715 716 717 718 719 720 723 726 727 729 730 734 735 736 738 739 740 741 742 744 745 747 748 749 750 752 755 756 758 759 760 762 763 764 766 767 768 769 771 772 774 778 779 781 782 783 786 787 788 790 791 792 793 794 795 796 797 798 799 800 801 802 803 804 805 806 807 809 812 813 814 815 817 821 823 824 825 826 828 829 830 831 833 834 835 837 838 839 841 842 843 845 846 847 849 851 852 853 857 858 859 860 862 864 865 866 867 868 871 872 874 876 877 880 881 882 883 884 887 888 889 890 891 892 894 896 897 898 899 900 901 902 903 905 906 908 909 911 912 914 915 916 918 919 920 921 923 924 926 927 928 929 931 933 934 935 936 937 938 939 941 942 943 945 946 951 953 956 957 958 959 961 962 963 964 965 966 967 969 970 973 974 976 977 978 979 980 981 982 983 984 986 987 989 990 993 994 995 996 998 1001 1002 1003 1004 1005 1007 1009 1010 1011 1012 1013 1014 1017 1019 1020 1024

[INPUT]
1295
557 1140 1647 309 571 2036 795 602 1040 771 901 597 1374 1945 388 486 1888 978 195 491 2031 1021 514 770 613 65 1217 441 1992 263 832 1155 1309 604 252 420 858 386 877 1467 50 1018 54 326 1902 1854 1138 1764 102 1829 1179 442 1012 1549 2045 1996 460 1191 1628 1766 2047 1895 540 1615 520 447 222 1116 1883 306 1098 2040 773 644 342 1014 1185 1254 1089 2024 1660 125 229 1728 35 610 1049 1576 1378 1583 748 1946 1097 726 122 409 1223 1236 1209 1205 1683 1172 902 131 1238 577 1952 404 1099 723 474 6 257 591 546 1465 132 1222 1255 1971 1695 1685 1125 1614 159 634 928 477 1003 963 681 558 1159 536 1153 83 608 750 537 804 1411 1629 256 173 1311 112 572 1796 499 196 333 106 1371 405 1929 418 1251 926 913 553 1062 1321 255 676 1000 1073 1853 215 98 243 1578 729 989 1176 406 1701 1720 1749 1841 933 592 1356 620 1301 7 1775 1087 797 1653 31 914 377 2005 130 843 1783 1506 1954 938 225 1160 1942 1198 1710 323 1162 1559 1106 1555 120 188 1612 1170 563 2032 1760 457 1606 288 559 1719 1054 1646 171 1918 1960 1070 1285 360 321 1649 817 711 1299 1772 727 1083 1288 629 11 937 1126 1038 1722 393 199 2013 1618 1580 279 2018 467 1237 1207 1002 833 175 835 1088 996 944 1707 870 34 1334 1524 1862 749 304 1016 672 1776 1574 1759 1765 988 140 1894 1557 1463 1082 1875 1577 673 1507 1183 1643 284 827 1726 2002 1541 1355 779 2028 1163 245 1147 1376 1336 1181 211 1493 1388 1522 1877 1579 1379 1521 636 863 517 1165 511 1756 210 1372 1613 1547 975 814 1052 968 1654 500 476 285 622 1819 1940 997 1036 1298 469 1043 829 1380 826 396 49 1848 897 322 1009 1446 969 743 1369 1763 1445 1592 289 2021 1228 214 172 1637 1429 466 1220 603 448 1174 2048 258 627 556 1477 1937 1192 1943 318 942 1729 1208 1152 1317 1273 1253 489 927 951 609 80 62 1024 1291 438 52 679 475 1852 1624 1259 705 1169 264 134 698 522 935 1133 1452 1397 1413 9 248 2015 2010 841 1648 1802 51 839 262 1882 856 1912 144 1381 1010 1662 764 282 1856 2033 555 1873 1546 1768 201 496 1019 1081 1293 1917 869 755 103 1644 539 26 1523 807 769 1329 1171 1193 1561 1700 1782 157 161 85 641 23 796 1432 867 1362 1633 1053 876 925 1161 1319 1881 1589 367 359 358 674 1822 1738 957 580 147 176 847 889 1878 1146 1373 516 1884 1762 900 761 158 1865 1079 1168 1885 436 91 525 1951 1723 2030 845 1998 67 854 702 999 290 189 1438 213 956 936 123 224 1312 1457 955 118 1631 376 1488 808 864 772 1196 1370 320 319 42 73 831 1404 1994 124 1131 74 916 1590 930 1889 372 1858 270 1750 712 20 1678 1627 370 1484 1412 1225 830 246 638 633 1004 1233 1157 108 1925 1474 599 667 834 665 1224 459 1104 630 1680 1343 432 1389 148 767 1427 1167 1736 943 1746 119 1384 1658 1132 1909 1734 862 2041 458 1897 389 600 1045 747 545 1022 619 1344 2 1948 1900 1630 1426 1512 605 2019 1788 1257 162 473 1393 1499 541 1086 1466 1175 666 1769 325 1111 1837 846 707 649 332 490 1604 1810 1689 1705 524 311 89 650 1515 2009 765 410 816 1180 133 1375 1708 12 1360 357 1926 601 261 1453 1308 1682 1263 127 1840 1385 1981 1059 1911 426 43 53 468 1351 1831 1584 349 1990 1184 280 2035 1727 283 1267 1805 421 1227 48 487 887 923 782 675 69 247 105 1530 1419 16 1258 1879 41 693 437 1830 868 1617 1282 1983 1105 479 611 17 355 369 998 1625 1262 335 547 531 297 198 1575 612 694 1821 784 153 1907 1363 1535 1274 1289 519 2003 1392 946 762 419 981 836 874 1047 40 1398 598 1820 1973 308 1060 1250 1688 775 798 1456 29 194 720 97 728 922 1280 760 704 624 1092 1818 2044 1042 909 628 204 793 515 680 1290 523 5 1569 980 898 1863 446 46 1068 2016 1110 703 756 890 837 1023 623 950 1935 240 1431 350 1567 1084 1787 1500 554 1395 875 328 648 1797 44 688 1085 1118 278 110 2043 1681 1857 253 791 1588 692 1178 1265 1601 1731 621 639 129 637 1970 104 1496 1206 1910 542 374 1645 145 66 1166 260 1699 1292 1156 1322 28 1599 1838 387 498 186 193 47 1067 88 1210 579 81 1455 202 815 962 1677 1655 1732 2004 291 1337 324 329 259 1721 1984 1219 232 2001 1204 1011 1029 286 109 805 1709 521 2042 1745 700 1757 1568 855 61 14 949 1359 397 269 776 1094 1030 583 1261 2020 1266 1735 768 880 699 696 932 584 1353 1323 1377 1135 407 780 1679 871 879 461 462 1903 1437 706 1842 1676 1694 544 1101 794 1117 392 860 1641 722 1724 1424 368 578 228 1767 63 1283 1349 1013 1256 1361 1761 163 1855 1773 1801 1939 25 2022 99 934 1287 1817 872 197 1556 425 378 806 174 899 1281 87 1534 1669 513 1859 411 915 1562 1944 538 492 160 1656 30 1702 334 1396 281 1941 1100 838 1927 1186 1876 1197 21 1061 1953 1275 1154 778 1737 1950 1691 1 1039 1074 310 1048 1149 719 1672 1587 842 244 564 1901 71 1383 1899 2014 1880 1671 737 1443 504 844 763 651 1035 813 433 1982 1031 658 690 488 121 1136 1733 1483 1218 1046 810 1696 78 2029 606 1933 1428 13 1896 1659 1444 1425 1558 1687 1091 390 1686 643 1784 128 689 1632 1713 375 512 1995 1611 1134 1264 635 677 1774 721 1001 143 1545 777 1430 242 501 2007 24 736 1906 68 1025 1090 1221 1799 1947 1789 394 548 233 1307 200 478 317 1327 2006 1786 1548 178 701 1244 1834 1684 1458 575 1949 1661 1785 190 90 2034 1928 1800 366 1835 1936 1050 697 1997 1968 454 878 327 766 1725 296 1326 1972 64 1464 1634 1823 695 1173 1886 305 1158 1991 1931 1974 792 1177 2027 2046 1932 783 495 1969 70 1350 1690 3 22 824 1095 1103 1182 811 1602 4 277 1560 27 1600 873 790 1017 607 395 1194 1418 1300 979 1260 1704 1505 408 1908 840 241 146 1080 945 371 691 1598 1670 1137 1420 682 126 1673 1096 1804 1657 1495 1454 828 1139 1102 8 1930 533 1771 888 84 573 1276 618 417 678 1898 10 781 1318 1148 1778 825 1938 576 632 1934 1758 424 1626 532 859 2023 179 812 86 570 1504 1284 1993 631 961 434 1226 111 1348 535 1354 82 1798 170 1591 435 1151 574 861 1703 15 164 356 1352 1508 1864 1839 1382 1478 1069 1581 1962 391 924 463 234 1093 1836 1833 1582 1335 107 518 385 1872 268 1498 1041 307 1770 1828 642 534 640 1020 1066 967 497 1961 683 809 1616 254 1603 1164 1037 1635
[OUTPUT]
1 2 3 4 5 6 7 8 9 10 11 12 13 14 15 16 17 20 21 22 23 24 25 26 27 28 29 30 31 34 35 40 41 42 43 44 46 47 48 49 50 51 52 53 54 61 62 63 64 65 66 67 68 69 70 71 73 74 78 80 81 82 83 84 85 86 87 88 89 90 91 97 98 99 102 103 104 105 106 107 108 109 110 111 112 118 119 120 121 122 123 124 125 126 127 128 129 130 131 132 133 134 140 143 144 145 146 147 148 153 157 158 159 160 161 162 163 164 170 171 172 173 174 175 176 178 179 186 188 189 190 193 194 195 196 197 198 199 200 201 202 204 210 211 213 214 215 222 224 225 228 229 232 233 234 240 241 242 243 244 245 246 247 248 252 253 254 255 256 257 258 259 260 261 262 263 264 268 269 270 277 278 279 280 281 282 283 284 285 286 288 289 290 291 296 297 304 305 306 307 308 309 310 311 317 318 319 320 321 322 323 324 325 326 327 328 329 332 333 334 335 342 349 350 355 356 357 358 359 360 366 367 368 369 370 371 372 374 375 376 377 378 385 386 387 388 389 390 391 392 393 394 395 396 397 404 405 406 407 408 409 410 411 417 418 419 420 421 424 425 426 432 433 434 435 436 437 438 441 442 446 447 448 454 457 458 459 460 461 462 463 466 467 468 469 473 474 475 476 477 478 479 486 487 488 489 490 491 492 495 496 497 498 499 500 501 504 511 512 513 514 515 516 517 518 519 520 521 522 523 524 525 531 532 533 534 535 536 537 538 539 540 541 542 544 545 546 547 548 553 554 555 556 557 558 559 563 564 570 571 572 573 574 575 576 577 578 579 580 583 584 591 592 597 598 599 600 601 602 603 604 605 606 607 608 609 610 611 612 613 618 619 620 621 622 623 624 627 628 629 630 631 632 633 634 635 636 637 638 639 640 641 642 643 644 648 649 650 651 658 665 666 667 672 673 674 675 676 677 678 679 680 681 682 683 688 689 690 691 692 693 694 695 696 697 698 699 700 701 702 703 704 705 706 707 711 712 719 720 721 722 723 726 727 728 729 736 737 743 747 748 749 750 755 756 760 761 762 763 764 765 766 767 768 769 770 771 772 773 775 776 777 778 779 780 781 782 783 784 790 791 792 793 794 795 796 797 798 804 805 806 807 808 809 810 811 812 813 814 815 816 817 824 825 826 827 828 829 830 831 832 833 834 835 836 837 838 839 840 841 842 843 844 845 846 847 854 855 856 858 859 860 861 862 863 864 867 868 869 870 871 872 873 874 875 876 877 878 879 880 887 888 889 890 897 898 899 900 901 902 909 913 914 915 916 922 923 924 925 926 927 928 930 932 933 934 935 936 937 938 942 943 944 945 946 949 950 951 955 956 957 961 962 963 967 968 969 975 978 979 980 981 988 989 996 997 998 999 1000 1001 1002 1003 1004 1009 1010 1011 1012 1013 1014 1016 1017 1018 1019 1020 1021 1022 1023 1024 1025 1029 1030 1031 1035 1036 1037 1038 1039 1040 1041 1042 1043 1045 1046 1047 1048 1049 1050 1052 1053 1054 1059 1060 1061 1062 1066 1067 1068 1069 1070 1073 1074 1079 1080 1081 1082 1083 1084 1085 1086 1087 1088 1089 1090 1091 1092 1093 1094 1095 1096 1097 1098 1099 1100 1101 1102 1103 1104 1105 1106 1110 1111 1116 1117 1118 1125 1126 1131 1132 1133 1134 1135 1136 1137 1138 1139 1140 1146 1147 1148 1149 1151 1152 1153 1154 1155 1156 1157 1158 1159 1160 1161 1162 1163 1164 1165 1166 1167 1168 1169 1170 1171 1172 1173 1174 1175 1176 1177 1178 1179 1180 1181 1182 1183 1184 1185 1186 1191 1192 1193 1194 1196 1197 1198 1204 1205 1206 1207 1208 1209 1210 1217 1218 1219 1220 1221 1222 1223 1224 1225 1226 1227 1228 1233 1236 1237 1238 1244 1250 1251 1253 1254 1255 1256 1257 1258 1259 1260 1261 1262 1263 1264 1265 1266 1267 1273 1274 1275 1276 1280 1281 1282 1283 1284 1285 1287 1288 1289 1290 1291 1292 1293 1298 1299 1300 1301 1307 1308 1309 1311 1312 1317 1318 1319 1321 1322 1323 1326 1327 1329 1334 1335 1336 1337 1343 1344 1348 1349 1350 1351 1352 1353 1354 1355 1356 1359 1360 1361 1362 1363 1369 1370 1371 1372 1373 1374 1375 1376 1377 1378 1379 1380 1381 1382 1383 1384 1385 1388 1389 1392 1393 1395 1396 1397 1398 1404 1411 1412 1413 1418 1419 1420 1424 1425 1426 1427 1428 1429 1430 1431 1432 1437 1438 1443 1444 1445 1446 1452 1453 1454 1455 1456 1457 1458 1463 1464 1465 1466 1467 1474 1477 1478 1483 1484 1488 1493 1495 1496 1498 1499 1500 1504 1505 1506 1507 1508 1512 1515 1521 1522 1523 1524 1530 1534 1535 1541 1545 1546 1547 1548 1549 1555 1556 1557 1558 1559 1560 1561 1562 1567 1568 1569 1574 1575 1576 1577 1578 1579 1580 1581 1582 1583 1584 1587 1588 1589 1590 1591 1592 1598 1599 1600 1601 1602 1603 1604 1606 1611 1612 1613 1614 1615 1616 1617 1618 1624 1625 1626 1627 1628 1629 1630 1631 1632 1633 1634 1635 1637 1641 1643 1644 1645 1646 1647 1648 1649 1653 1654 1655 1656 1657 1658 1659 1660 1661 1662 1669 1670 1671 1672 1673 1676 1677 1678 1679 1680 1681 1682 1683 1684 1685 1686 1687 1688 1689 1690 1691 1694 1695 1696 1699 1700 1701 1702 1703 1704 1705 1707 1708 1709 1710 1713 1719 1720 1721 1722 1723 1724 1725 1726 1727 1728 1729 1731 1732 1733 1734 1735 1736 1737 1738 1745 1746 1749 1750 1756 1757 1758 1759 1760 1761 1762 1763 1764 1765 1766 1767 1768 1769 1770 1771 1772 1773 1774 1775 1776 1778 1782 1783 1784 1785 1786 1787 1788 1789 1796 1797 1798 1799 1800 1801 1802 1804 1805 1810 1817 1818 1819 1820 1821 1822 1823 1828 1829 1830 1831 1833 1834 1835 1836 1837 1838 1839 1840 1841 1842 1848 1852 1853 1854 1855 1856 1857 1858 1859 1862 1863 1864 1865 1872 1873 1875 1876 1877 1878 1879 1880 1881 1882 1883 1884 1885 1886 1888 1889 1894 1895 1896 1897 1898 1899 1900 1901 1902 1903 1906 1907 1908 1909 1910 1911 1912 1917 1918 1925 1926 1927 1928 1929 1930 1931 1932 1933 1934 1935 1936 1937 1938 1939 1940 1941 1942 1943 1944 1945 1946 1947 1948 1949 1950 1951 1952 1953 1954 1960 1961 1962 1968 1969 1970 1971 1972 1973 1974 1981 1982 1983 1984 1990 1991 1992 1993 1994 1995 1996 1997 1998 2001 2002 2003 2004 2005 2006 2007 2009 2010 2013 2014 2015 2016 2018 2019 2020 2021 2022 2023 2024 2027 2028 2029 2030 2031 2032 2033 2034 2035 2036 2040 2041 2042 2043 2044 2045 2046 2047 2048

[INPUT]
1020
767 404 406 166 718 692 147 93 373 133 73 557 586 690 783 68 377 6 182 170 321 218 823 140 667 532 595 85 440 127 756 516 508 441 82 513 611 102 803 171 263 629 354 155 574 526 779 11 105 702 284 136 620 567 265 274 698 750 303 320 92 335 683 209 352 777 538 408 700 637 565 641 701 709 562 100 794 118 16 243 422 389 615 649 371 533 226 578 411 774 277 361 685 360 19 42 745 231 521 41 603 227 768 159 61 251 224 760 716 490 260 494 269 303 807 634 811 386 254 734 137 5 752 247 170 212 792 552 612 584 119 806 220 167 60 581 46 36 758 598 234 410 238 715 818 21 120 561 115 211 45 752 703 249 138 499 106 149 787 453 416 173 228 655 242 185 547 691 627 729 376 346 621 535 270 752 117 40 160 358 227 594 679 762 395 481 539 805 294 72 403 93 364 404 413 691 112 87 699 734 219 262 771 431 36 157 450 236 269 156 495 108 20 261 20 123 474 727 332 740 66 328 651 71 575 434 420 539 215 415 90 529 458 430 659 468 132 604 285 128 580 480 407 563 431 61 676 125 82 22 748 618 150 244 736 428 91 674 819 338 267 795 396 763 318 260 681 309 107 694 707 673 543 705 651 786 150 640 590 70 258 229 500 575 111 77 381 678 337 569 16 349 370 368 551 772 784 446 666 135 266 604 575 230 823 475 154 771 130 758 592 448 498 466 696 103 662 37 401 534 159 654 691 435 79 464 141 544 307 624 638 540 745 346 199 426 804 165 323 194 121 347 617 306 296 3 671 162 402 447 427 499 235 653 459 761 728 186 809 629 326 226 31 463 405 606 472 506 95 688 677 523 745 607 552 496 319 25 619 549 707 764 675 812 43 365 514 742 183 763 351 755 300 73 196 268 399 708 505 515 239 275 379 302 164 628 678 168 692 444 684 224 279 822 540 465 316 443 145 452 759 775 108 288 487 659 16 178 769 276 291 564 431 570 810 591 336 542 734 663 556 333 814 519 344 387 479 781 735 817 286 693 636 103 600 73 18 322 788 75 631 305 313 800 412 757 24 246 55 110 490 682 684 537 153 394 152 44 129 110 26 50 414 49 697 189 524 69 568 731 552 596 601 271 720 432 88 670 687 799 174 578 760 442 492 706 737 28 172 823 313 499 546 599 287 259 695 398 127 74 241 84 473 493 482 614 311 124 357 193 243 476 354 32 181 651 192 816 122 770 350 176 477 356 397 289 791 47 618 644 430 789 33 714 467 690 315 476 645 116 746 98 248 653 751 313 75 652 104 256 310 776 101 146 257 53 669 363 821 359 501 75 726 59 201 4 437 361 184 616 710 778 299 253 10 127 484 719 186 545 461 325 613 486 177 818 382 715 130 471 413 380 87 631 793 367 736 48 436 705 577 635 678 281 539 163 464 22 34 661 626 108 81 646 142 739 559 80 314 726 766 355 197 378 317 13 758 2 404 513 507 7 331 39 213 509 815 164 375 668 56 144 274 151 802 204 497 424 573 4 485 216 541 439 416 704 722 126 517 721 208 748 346 522 658 14 753 730 223 8 341 738 553 169 736 261 294 158 264 334 221 54 303 280 547 94 613 161 656 502 63 753 246 225 148 790 469 623 563 200 490 808 139 65 135 80 808 780 342 252 405 64 409 290 639 741 282 322 12 312 650 255 96 93 483 310 711 449 74 554 423 660 188 798 470 334 244 274 187 727 354 203 297 476 455 237 717 433 198 391 748 732 585 372 820 665 202 796 812 214 222 771 261 686 528 175 593 329 23 180 143 527 503 556 52 308 598 670 689 110 566 35 587 657 642 366 588 529 372 547 283 124 648 54 400 102 652 747 385 310 670 417 597 724 421 550 101 345 179 145 779 733 322 298 384 712 372 58 610 301 609 67 457 306 30 217 348 460 343 680 765 602 512 554 580 633 782 492 571 723 659 330 134 749 576 232 392 647 488 190 799 743 361 99 205 589 250 109 474 725 584 20 664 186 754 408 260 438 210 120 62 369 292 536 582 374 83 17 245 445 728 15 38 408 86 114 580 511 425 813 646 57 802 604 393 150 692 76 572 111 672 531 525 583 383 555 491 773 82 785 801 486 27 548 558 80 206 327 416 278 220 170 579 622 418 191 362 390 608 653 293 419 340 504 273 388 643 462 296 29 478 639 295 630 324 530 744 797 679 474 224 510 89 233 632 51 482 272 560 102 822 518 51 246 195 413 713 97 753 487 54 243 429 113 652 605 353 207 307 78 489 103 240 779 9 451 456 130 159 304 625 556 454 1 723 339 220 760 520 131
[OUTPUT]
1 2 3 4 4 5 6 7 8 9 10 11 12 13 14 15 16 16 16 17 18 19 20 20 20 21 22 22 23 24 25 26 27 28 29 30 31 32 33 34 35 36 36 37 38 39 40 41 42 43 44 45 46 47 48 49 50 51 51 52 53 54 54 54 55 56 57 58 59 60 61 61 62 63 64 65 66 67 68 69 70 71 72 73 73 73 74 74 75 75 75 76 77 78 79 80 80 80 81 82 82 82 83 84 85 86 87 87 88 89 90 91 92 93 93 93 94 95 96 97 98 99 100 101 101 102 102 102 103 103 103 104 105 106 107 108 108 108 109 110 110 110 111 111 112 113 114 115 116 117 118 119 120 120 121 122 123 124 124 125 126 127 127 127 128 129 130 130 130 131 132 133 134 135 135 136 137 138 139 140 141 142 143 144 145 145 146 147 148 149 150 150 150 151 152 153 154 155 156 157 158 159 159 159 160 161 162 163 164 164 165 166 167 168 169 170 170 170 171 172 173 174 175 176 177 178 179 180 181 182 183 184 185 186 186 186 187 188 189 190 191 192 193 194 195 196 197 198 199 200 201 202 203 204 205 206 207 208 209 210 211 212 213 214 215 216 217 218 219 220 220 220 221 222 223 224 224 224 225 226 226 227 227 228 229 230 231 232 233 234 235 236 237 238 239 240 241 242 243 243 243 244 244 245 246 246 246 247 248 249 250 251 252 253 254 255 256 257 258 259 260 260 260 261 261 261 262 263 264 265 266 267 268 269 269 270 271 272 273 274 274 274 275 276 277 278 279 280 281 282 283 284 285 286 287 288 289 290 291 292 293 294 294 295 296 296 297 298 299 300 301 302 303 303 303 304 305 306 306 307 307 308 309 310 310 310 311 312 313 313 313 314 315 316 317 318 319 320 321 322 322 322 323 324 325 326 327 328 329 330 331 332 333 334 334 335 336 337 338 339 340 341 342 343 344 345 346 346 346 347 348 349 350 351 352 353 354 354 354 355 356 357 358 359 360 361 361 361 362 363 364 365 366 367 368 369 370 371 372 372 372 373 374 375 376 377 378 379 380 381 382 383 384 385 386 387 388 389 390 391 392 393 394 395 396 397 398 399 400 401 402 403 404 404 404 405 405 406 407 408 408 408 409 410 411 412 413 413 413 414 415 416 416 416 417 418 419 420 421 422 423 424 425 426 427 428 429 430 430 431 431 431 432 433 434 435 436 437 438 439 440 441 442 443 444 445 446 447 448 449 450 451 452 453 454 455 456 457 458 459 460 461 462 463 464 464 465 466 467 468 469 470 471 472 473 474 474 474 475 476 476 476 477 478 479 480 481 482 482 483 484 485 486 486 487 487 488 489 490 490 490 491 492 492 493 494 495 496 497 498 499 499 499 500 501 502 503 504 505 506 507 508 509 510 511 512 513 513 514 515 516 517 518 519 520 521 522 523 524 525 526 527 528 529 529 530 531 532 533 534 535 536 537 538 539 539 539 540 540 541 542 543 544 545 546 547 547 547 548 549 550 551 552 552 552 553 554 554 555 556 556 556 557 558 559 560 561 562 563 563 564 565 566 567 568 569 570 571 572 573 574 575 575 575 576 577 578 578 579 580 580 580 581 582 583 584 584 585 586 587 588 589 590 591 592 593 594 595 596 597 598 598 599 600 601 602 603 604 604 604 605 606 607 608 609 610 611 612 613 613 614 615 616 617 618 618 619 620 621 622 623 624 625 626 627 628 629 629 630 631 631 632 633 634 635 636 637 638 639 639 640 641 642 643 644 645 646 646 647 648 649 650 651 651 651 652 652 652 653 653 653 654 655 656 657 658 659 659 659 660 661 662 663 664 665 666 667 668 669 670 670 670 671 672 673 674 675 676 677 678 678 678 679 679 680 681 682 683 684 684 685 686 687 688 689 690 690 691 691 691 692 692 692 693 694 695 696 697 698 699 700 701 702 703 704 705 705 706 707 707 708 709 710 711 712 713 714 715 715 716 717 718 719 720 721 722 723 723 724 725 726 726 727 727 728 728 729 730 731 732 733 734 734 734 735 736 736 736 737 738 739 740 741 742 743 744 745 745 745 746 747 748 748 748 749 750 751 752 752 752 753 753 753 754 755 756 757 758 758 758 759 760 760 760 761 762 763 763 764 765 766 767 768 769 770 771 771 771 772 773 774 775 776 777 778 779 779 779 780 781 782 783 784 785 786 787 788 789 790 791 792 793 794 795 796 797 798 799 799 800 801 802 802 803 804 805 806 807 808 808 809 810 811 812 812 813 814 815 816 817 818 818 819 820 821 822 822 823 823 823

[INPUT]
943
361 405 501 387 472 228 767 713 58 505 198 719 4 650 268 227 659 133 540 713 121 583 615 759 427 396 95 252 762 268 558 609 587 398 271 122 604 88 264 298 56 189 768 9 548 301 119 754 476 239 651 291 157 641 53 608 509 655 290 99 40 503 416 270 673 120 153 554 119 355 516 639 600 365 722 197 712 343 120 456 514 746 591 223 768 169 117 566 748 16 752 31 657 29 493 262 226 479 65 24 266 758 268 668 103 224 503 167 27 122 471 668 518 706 75 50 144 66 597 328 127 363 109 512 731 631 46 88 162 227 759 621 368 422 511 11 325 698 457 411 570 173 37 110 442 385 413 494 47 170 46 62 762 684 98 16 5 754 556 244 18 322 373 532 133 113 38 429 99 659 280 529 521 335 218 145 277 10 137 679 329 676 519 664 168 571 18 300 372 494 561 100 498 526 585 389 311 86 285 230 72 248 546 586 253 414 394 120 61 478 114 23 556 699 638 566 111 765 646 268 412 496 753 292 751 389 453 29 754 199 700 454 392 566 150 622 730 563 132 106 588 366 691 29 348 705 232 333 581 617 30 729 397 455 629 589 665 556 579 217 607 345 407 484 604 288 123 471 251 162 28 644 58 175 61 278 119 220 633 421 652 99 263 606 176 128 163 471 398 761 344 349 521 202 519 190 519 521 357 449 236 117 185 164 35 637 149 131 287 666 91 1 601 148 119 171 59 655 447 660 212 404 638 450 319 501 625 683 242 507 265 354 250 14 714 342 382 3 464 557 376 741 762 433 362 307 569 196 274 464 201 273 208 331 108 200 20 375 574 680 556 105 524 670 468 257 499 668 539 739 443 459 298 342 667 444 547 711 388 315 380 723 648 509 509 638 494 662 36 596 389 399 380 259 166 134 605 104 499 279 273 549 117 623 515 578 424 763 276 342 245 697 238 599 627 87 120 553 52 26 243 588 588 669 632 267 213 628 692 102 43 575 638 559 577 253 453 726 58 649 748 177 76 654 356 401 124 469 341 156 252 152 352 635 536 159 231 598 634 550 46 645 620 656 161 264 383 747 766 374 680 680 655 326 488 2 508 715 664 438 694 419 533 15 306 371 282 664 285 468 283 648 298 445 303 695 506 297 485 426 341 251 386 184 631 395 406 309 451 470 227 252 158 708 755 341 418 562 264 517 115 370 154 590 252 759 535 275 544 663 85 531 705 347 566 273 80 677 611 710 321 93 236 425 252 273 187 668 489 602 440 133 626 746 759 249 468 608 466 592 17 314 27 92 353 381 301 247 251 502 624 273 216 648 537 97 281 46 253 499 764 410 214 417 487 499 25 664 71 448 376 642 659 231 471 658 481 168 330 135 534 619 542 488 501 379 148 438 112 564 494 101 301 227 520 227 162 78 398 60 253 188 79 471 210 748 686 393 409 180 576 116 762 566 713 513 438 272 67 32 122 146 246 724 21 49 556 477 616 581 211 630 158 746 603 357 636 434 58 581 713 638 398 308 182 696 225 377 240 155 369 762 400 688 6 34 491 22 490 129 162 68 501 613 74 749 737 655 285 473 718 253 258 648 727 120 234 312 420 233 258 756 46 446 48 317 59 488 530 527 89 689 495 41 339 580 659 264 304 207 332 768 193 567 299 736 367 728 181 251 45 118 13 643 184 286 501 415 543 229 709 119 77 648 528 735 675 593 725 84 525 702 254 85 555 357 572 90 431 205 313 107 458 460 141 524 168 750 748 610 179 732 500 693 29 474 721 453 236 541 438 236 430 701 7 126 289 435 305 39 423 136 521 130 357 616 408 183 703 492 398 219 350 582 759 16 428 125 378 463 452 410 357 681 178 133 468 70 194 581 671 519 552 94 349 568 99 294 175 690 674 310 42 545 482 8 349 472 594 236 595 160 497 204 215 573 51 738 264 510 519 402 704 256 18 390 18 483 33 551 565 567 296 237 255 436 69 341 2 334 538 186 54 316 57 168 324 439 453 117 235 687 168 760 320 142 744 351 364 55 743 475 521 338 295 716 618 560 189 678 12 82 162 486 96 117 336 742 140 403 143 640 467 523 323 462 685 139 165 522 653 192 151 647 327 284 494 293 504 717 612 734 147 261 337 358 614 172 195 465 174 750 302
[OUTPUT]
1 2 2 3 4 5 6 7 8 9 10 11 12 13 14 15 16 16 16 17 18 18 18 18 20 21 22 23 24 25 26 27 27 28 29 29 29 29 30 31 32 33 34 35 36 37 38 39 40 41 42 43 45 46 46 46 46 46 47 48 49 50 51 52 53 54 55 56 57 58 58 58 58 59 59 60 61 61 62 65 66 67 68 69 70 71 72 74 75 76 77 78 79 80 82 84 85 85 86 87 88 88 89 90 91 92 93 94 95 96 97 98 99 99 99 99 100 101 102 103 104 105 106 107 108 109 110 111 112 113 114 115 116 117 117 117 117 117 118 119 119 119 119 119 120 120 120 120 120 121 122 122 122 123 124 125 126 127 128 129 130 131 132 133 133 133 133 134 135 136 137 139 140 141 142 143 144 145 146 147 148 148 149 150 151 152 153 154 155 156 157 158 158 159 160 161 162 162 162 162 162 163 164 165 166 167 168 168 168 168 168 169 170 171 172 173 174 175 175 176 177 178 179 180 181 182 183 184 184 185 186 187 188 189 189 190 192 193 194 195 196 197 198 199 200 201 202 204 205 207 208 210 211 212 213 214 215 216 217 218 219 220 223 224 225 226 227 227 227 227 227 228 229 230 231 231 232 233 234 235 236 236 236 236 236 237 238 239 240 242 243 244 245 246 247 248 249 250 251 251 251 251 252 252 252 252 252 253 253 253 253 253 254 255 256 257 258 258 259 261 262 263 264 264 264 264 264 265 266 267 268 268 268 268 270 271 272 273 273 273 273 273 274 275 276 277 278 279 280 281 282 283 284 285 285 285 286 287 288 289 290 291 292 293 294 295 296 297 298 298 298 299 300 301 301 301 302 303 304 305 306 307 308 309 310 311 312 313 314 315 316 317 319 320 321 322 323 324 325 326 327 328 329 330 331 332 333 334 335 336 337 338 339 341 341 341 341 342 342 342 343 344 345 347 348 349 349 349 350 351 352 353 354 355 356 357 357 357 357 357 358 361 362 363 364 365 366 367 368 369 370 371 372 373 374 375 376 376 377 378 379 380 380 381 382 383 385 386 387 388 389 389 389 390 392 393 394 395 396 397 398 398 398 398 398 399 400 401 402 403 404 405 406 407 408 409 410 410 411 412 413 414 415 416 417 418 419 420 421 422 423 424 425 426 427 428 429 430 431 433 434 435 436 438 438 438 438 439 440 442 443 444 445 446 447 448 449 450 451 452 453 453 453 453 454 455 456 457 458 459 460 462 463 464 464 465 466 467 468 468 468 468 469 470 471 471 471 471 471 472 472 473 474 475 476 477 478 479 481 482 483 484 485 486 487 488 488 488 489 490 491 492 493 494 494 494 494 494 495 496 497 498 499 499 499 499 500 501 501 501 501 501 502 503 503 504 505 506 507 508 509 509 509 510 511 512 513 514 515 516 517 518 519 519 519 519 519 520 521 521 521 521 521 522 523 524 524 525 526 527 528 529 530 531 532 533 534 535 536 537 538 539 540 541 542 543 544 545 546 547 548 549 550 551 552 553 554 555 556 556 556 556 556 557 558 559 560 561 562 563 564 565 566 566 566 566 566 567 567 568 569 570 571 572 573 574 575 576 577 578 579 580 581 581 581 581 582 583 585 586 587 588 588 588 589 590 591 592 593 594 595 596 597 598 599 600 601 602 603 604 604 605 606 607 608 608 609 610 611 612 613 614 615 616 616 617 618 619 620 621 622 623 624 625 626 627 628 629 630 631 631 632 633 634 635 636 637 638 638 638 638 638 639 640 641 642 643 644 645 646 647 648 648 648 648 648 649 650 651 652 653 654 655 655 655 655 656 657 658 659 659 659 659 660 662 663 664 664 664 664 665 666 667 668 668 668 668 669 670 671 673 674 675 676 677 678 679 680 680 680 681 683 684 685 686 687 688 689 690 691 692 693 694 695 696 697 698 699 700 701 702 703 704 705 705 706 708 709 710 711 712 713 713 713 713 714 715 716 717 718 719 721 722 723 724 725 726 727 728 729 730 731 732 734 735 736 737 738 739 741 742 743 744 746 746 746 747 748 748 748 748 749 750 750 751 752 753 754 754 754 755 756 758 759 759 759 759 759 760 761 762 762 762 762 762 763 764 765 766 767 768 768 768

[INPUT]
1129
171 103 482 429 94 609 489 526 238 651 532 394 400 457 172 779 630 763 672 896 169 607 88 651 637 532 307 881 891 850 976 207 728 255 29 205 628 581 550 534 358 192 554 897 777 423 878 995 251 457 610 863 120 655 35 615 753 744 769 453 643 781 111 459 256 607 11 24 889 97 837 241 334 980 402 526 469 295 95 381 820 137 110 414 303 80 579 384 884 62 698 383 686 379 216 689 684 331 752 408 547 270 656 171 663 909 661 253 644 827 146 818 599 108 580 611 945 268 440 305 492 360 481 613 749 876 527 518 98 119 999 792 850 210 804 178 859 93 952 944 347 555 66 908 760 204 125 953 380 727 478 556 652 685 272 436 447 91 175 517 830 138 960 740 448 59 800 1009 144 796 651 831 370 195 75 553 671 281 121 1006 958 89 693 15 321 3 90 735 280 565 654 1005 626 790 233 987 689 577 722 18 404 703 145 612 86 538 131 551 214 244 696 851 676 539 315 972 995 523 266 666 209 446 956 585 691 912 704 1021 568 212 812 561 594 64 473 30 869 390 92 1010 938 970 515 411 825 768 247 990 191 276 815 125 326 361 811 993 373 297 331 351 941 968 65 425 731 248 47 994 442 217 56 48 503 871 564 920 802 421 648 591 42 725 468 484 341 674 805 102 242 323 368 974 345 249 942 923 933 687 702 846 137 601 918 931 965 493 196 366 299 183 215 33 870 293 219 966 617 74 535 500 472 104 22 739 154 761 997 606 428 786 452 888 477 312 143 93 706 759 755 911 839 326 765 799 640 522 302 234 742 412 57 229 458 795 817 916 153 318 20 388 764 420 73 771 756 25 552 892 709 969 93 641 705 240 498 43 947 1007 70 893 751 99 746 945 40 462 443 163 301 992 273 448 278 30 662 868 725 697 4 515 319 848 925 554 734 904 545 383 549 956 309 595 291 22 288 995 537 918 371 294 156 201 174 525 563 441 929 449 659 608 1014 778 165 660 831 880 208 431 670 392 158 71 794 356 662 17 814 526 87 842 829 765 894 886 901 267 157 562 810 576 281 260 19 401 1002 269 729 589 285 376 427 962 847 866 263 979 326 53 474 429 875 721 512 720 109 627 557 923 984 903 292 444 496 798 638 509 306 582 1015 618 241 642 596 994 716 1022 634 127 834 254 933 857 923 493 463 256 336 588 833 432 836 877 186 508 837 166 406 271 289 694 922 763 586 352 159 898 403 128 515 435 542 139 141 783 438 22 836 134 353 67 387 985 456 738 701 37 115 710 853 476 228 719 96 265 135 972 1022 928 690 51 546 167 437 782 826 748 434 457 72 566 636 504 934 511 845 257 971 327 408 867 658 274 433 943 495 1008 470 521 391 264 785 679 132 180 294 211 841 570 708 430 279 964 239 616 797 218 921 994 930 803 932 329 308 150 524 639 837 747 190 193 1023 105 50 23 152 410 286 689 686 63 179 335 369 544 541 624 363 320 44 246 424 497 187 773 910 763 973 927 890 862 282 58 948 471 765 1019 770 1000 328 133 990 479 125 293 106 16 955 695 858 455 517 935 164 416 1014 907 228 200 78 510 10 832 793 314 978 394 181 176 621 918 712 143 173 505 277 604 899 895 711 330 620 999 774 448 872 12 861 386 184 130 718 983 950 126 856 604 425 757 587 513 365 362 520 148 714 679 560 640 378 317 394 399 1003 917 809 484 502 377 463 574 578 669 296 304 560 754 118 640 604 737 156 579 27 491 605 865 199 284 536 103 333 619 283 397 519 435 77 533 854 1 355 635 147 951 1013 530 757 977 924 584 732 415 776 82 185 956 55 1024 682 350 5 83 409 835 645 723 189 383 954 976 807 331 849 475 852 78 367 313 500 467 34 730 688 972 364 907 762 63 937 188 202 990 981 575 882 114 1020 298 117 874 642 961 554 261 976 61 418 1011 359 136 231 946 7 699 250 69 685 107 393 1016 750 949 733 221 395 736 919 177 864 56 100 531 690 310 967 677 430 528 516 675 476 700 156 465 784 8 789 819 445 79 548 287 430 168 450 612 583 444 573 936 775 813 140 756 879 536 129 71 332 112 122 54 887 45 258 934 85 593 767 466 507 451 657 256 290 300 934 39 939 311 13 988 461 553 896 906 838 197 915 741 612 823 426 559 490 52 285 68 425 625 646 883 828 957 683 485 664 281 514 933 211 745 237 713 1003 49 398 182 824 633 540 529 959 668 543 405 1004 558 480 821 791 149 831 1018 324 76 140 650 494 483 161 926 170 572 342 294 707 590 583 560 829 855 54 902 717 963 101 84 116 998 21 614 569 385 346 113 975 162 340 571 885 1017 991 597 726 338 982 600 224 464 900 439 506 339 26 203 913 725 194 598 499 85 680 389 388 56 38 622 870 123 14 243 634 860 311 435 801 375 840 334 262 780 60 766 124 348 486 349 607 223 673 665 230 772 989 372 1014 227 1022 151 1001 692 422 758 325 252 407 198 743 940 487 843 873 81 427 500 532 374 724 225 681 30 322 206 235 816 46 155 460 715 213 808 344 222 647 653 143 417 787 2 914 419 678 41 844 275 806 9 28
[OUTPUT]
1 2 3 4 5 7 8 9 10 11 12 13 14 15 16 17 18 19 20 21 22 22 22 23 24 25 26 27 28 29 30 30 30 33 34 35 37 38 39 40 41 42 43 44 45 46 47 48 49 50 51 52 53 54 54 55 56 56 56 57 58 59 60 61 62 63 63 64 65 66 67 68 69 70 71 71 72 73 74 75 76 77 78 78 79 80 81 82 83 84 85 85 86 87 88 89 90 91 92 93 93 93 94 95 96 97 98 99 100 101 102 103 103 104 105 106 107 108 109 110 111 112 113 114 115 116 117 118 119 120 121 122 123 124 125 125 125 126 127 128 129 130 131 132 133 134 135 136 137 137 138 139 140 140 141 143 143 143 144 145 146 147 148 149 150 151 152 153 154 155 156 156 156 157 158 159 161 162 163 164 165 166 167 168 169 170 171 171 172 173 174 175 176 177 178 179 180 181 182 183 184 185 186 187 188 189 190 191 192 193 194 195 196 197 198 199 200 201 202 203 204 205 206 207 208 209 210 211 211 212 213 214 215 216 217 218 219 221 222 223 224 225 227 228 228 229 230 231 233 234 235 237 238 239 240 241 241 242 243 244 246 247 248 249 250 251 252 253 254 255 256 256 256 257 258 260 261 262 263 264 265 266 267 268 269 270 271 272 273 274 275 276 277 278 279 280 281 281 281 282 283 284 285 285 286 287 288 289 290 291 292 293 293 294 294 294 295 296 297 298 299 300 301 302 303 304 305 306 307 308 309 310 311 311 312 313 314 315 317 318 319 320 321 322 323 324 325 326 326 326 327 328 329 330 331 331 331 332 333 334 334 335 336 338 339 340 341 342 344 345 346 347 348 349 350 351 352 353 355 356 358 359 360 361 362 363 364 365 366 367 368 369 370 371 372 373 374 375 376 377 378 379 380 381 383 383 383 384 385 386 387 388 388 389 390 391 392 393 394 394 394 395 397 398 399 400 401 402 403 404 405 406 407 408 408 409 410 411 412 414 415 416 417 418 419 420 421 422 423 424 425 425 425 426 427 427 428 429 429 430 430 430 431 432 433 434 435 435 435 436 437 438 439 440 441 442 443 444 444 445 446 447 448 448 448 449 450 451 452 453 455 456 457 457 457 458 459 460 461 462 463 463 464 465 466 467 468 469 470 471 472 473 474 475 476 476 477 478 479 480 481 482 483 484 484 485 486 487 489 490 491 492 493 493 494 495 496 497 498 499 500 500 500 502 503 504 505 506 507 508 509 510 511 512 513 514 515 515 515 516 517 517 518 519 520 521 522 523 524 525 526 526 526 527 528 529 530 531 532 532 532 533 534 535 536 536 537 538 539 540 541 542 543 544 545 546 547 548 549 550 551 552 553 553 554 554 554 555 556 557 558 559 560 560 560 561 562 563 564 565 566 568 569 570 571 572 573 574 575 576 577 578 579 579 580 581 582 583 583 584 585 586 587 588 589 590 591 593 594 595 596 597 598 599 600 601 604 604 604 605 606 607 607 607 608 609 610 611 612 612 612 613 614 615 616 617 618 619 620 621 622 624 625 626 627 628 630 633 634 634 635 636 637 638 639 640 640 640 641 642 642 643 644 645 646 647 648 650 651 651 651 652 653 654 655 656 657 658 659 660 661 662 662 663 664 665 666 668 669 670 671 672 673 674 675 676 677 678 679 679 680 681 682 683 684 685 685 686 686 687 688 689 689 689 690 690 691 692 693 694 695 696 697 698 699 700 701 702 703 704 705 706 707 708 709 710 711 712 713 714 715 716 717 718 719 720 721 722 723 724 725 725 725 726 727 728 729 730 731 732 733 734 735 736 737 738 739 740 741 742 743 744 745 746 747 748 749 750 751 752 753 754 755 756 756 757 757 758 759 760 761 762 763 763 763 764 765 765 765 766 767 768 769 770 771 772 773 774 775 776 777 778 779 780 781 782 783 784 785 786 787 789 790 791 792 793 794 795 796 797 798 799 800 801 802 803 804 805 806 807 808 809 810 811 812 813 814 815 816 817 818 819 820 821 823 824 825 826 827 828 829 829 830 831 831 831 832 833 834 835 836 836 837 837 837 838 839 840 841 842 843 844 845 846 847 848 849 850 850 851 852 853 854 855 856 857 858 859 860 861 862 863 864 865 866 867 868 869 870 870 871 872 873 874 875 876 877 878 879 880 881 882 883 884 885 886 887 888 889 890 891 892 893 894 895 896 896 897 898 899 900 901 902 903 904 906 907 907 908 909 910 911 912 913 914 915 916 917 918 918 918 919 920 921 922 923 923 923 924 925 926 927 928 929 930 931 932 933 933 933 934 934 934 935 936 937 938 939 940 941 942 943 944 945 945 946 947 948 949 950 951 952 953 954 955 956 956 956 957 958 959 960 961 962 963 964 965 966 967 968 969 970 971 972 972 972 973 974 975 976 976 976 977 978 979 980 981 982 983 984 985 987 988 989 990 990 990 991 992 993 994 994 994 995 995 995 997 998 999 999 1000 1001 1002 1003 1003 1004 1005 1006 1007 1008 1009 1010 1011 1013 1014 1014 1014 1015 1016 1017 1018 1019 1020 1021 1022 1022 1022 1023 1024

[INPUT]
973
876 1489 303 1293 1091 1016 823 670 1660 103 626 463 1882 803 669 144 1869 1090 1491 149 1342 1100 703 1494 838 1203 1166 1649 1381 2026 1168 33 1227 920 305 1730 604 1472 1131 530 1924 1968 350 418 1717 1184 1008 1606 1507 130 129 2000 1758 489 1877 1611 596 2006 1595 666 184 1560 218 290 975 424 1413 1690 1075 405 175 1658 354 567 1304 134 733 886 1992 391 161 896 1627 1650 137 262 460 1379 1714 2044 1203 965 1068 1038 204 24 276 800 1666 1432 1497 363 741 1055 1503 208 1851 575 1164 1681 352 1567 1870 248 1172 892 600 775 217 962 27 977 962 1844 653 1060 732 885 459 1746 2033 921 921 645 706 782 1433 402 853 430 264 296 1719 1793 1081 811 116 1803 684 1157 545 794 124 205 364 253 1618 1904 167 488 70 1628 538 959 1591 457 1443 653 157 1289 905 328 928 702 1933 260 1906 285 1248 166 1174 1507 1274 374 1829 168 1411 1748 534 966 282 210 60 524 1378 1832 1002 562 799 171 1899 802 1518 1928 1764 28 302 226 229 1479 1790 507 1484 1597 41 1583 476 1401 1849 1223 873 325 1621 971 1896 836 642 1169 826 1220 1940 1552 835 1629 485 159 814 1480 1826 613 589 1407 1456 147 333 1380 144 1087 606 38 369 1760 1491 859 1544 1076 654 125 1609 76 349 306 450 1437 1429 636 912 1941 318 1758 507 1318 1583 127 811 1530 1177 1451 1414 1141 1014 1120 752 972 377 693 1975 1133 1321 795 73 1248 812 853 1751 3 1635 672 1722 1671 1863 198 914 990 634 1925 708 1245 94 1956 1762 1291 856 300 1571 1132 1808 1791 1341 253 327 1428 206 544 726 1879 1343 1394 1417 1015 833 714 1229 444 1038 1595 1930 1382 1303 1025 469 567 1228 2020 907 316 687 1440 1651 978 1804 508 717 1785 105 2012 429 1995 1595 1113 1771 1619 1067 46 1641 1537 659 605 203 640 1465 1821 253 750 1840 777 911 896 91 378 1365 1789 680 946 854 1053 173 285 443 1450 526 1439 113 1571 829 1464 1665 1117 2016 1314 1194 1961 178 757 1389 176 704 77 709 1689 378 730 771 348 118 1349 1758 576 350 1191 934 543 108 10 1798 1624 1986 1356 1776 509 1628 893 438 1081 762 433 77 1207 464 434 919 994 567 1843 11 1635 117 896 120 841 2043 1406 56 1888 1961 862 1339 735 673 34 69 381 981 2037 594 1453 1597 1712 1410 1597 895 962 419 566 1337 983 1161 1955 1142 897 1364 85 487 1399 737 1284 1979 888 2022 1537 770 403 1581 1355 740 77 863 268 181 1147 76 1313 1057 454 764 1421 1991 500 172 165 1193 682 386 1887 1693 462 1733 1225 432 1016 2008 197 1997 2048 57 284 930 1246 170 1563 609 1593 1163 313 1812 1155 1329 326 804 278 649 299 1486 1603 1350 1424 43 1146 1788 256 50 480 1274 1491 1628 1121 353 499 1038 470 1643 335 266 653 1498 1824 1707 968 458 399 89 848 1377 1004 1850 1359 656 12 1189 1028 1634 336 1181 1502 313 1602 115 1345 610 1250 657 1859 423 712 1718 363 380 1571 1931 1419 138 864 1509 1527 287 1708 1242 902 1972 1177 1495 247 926 1035 1809 2023 665 291 1831 1199 999 824 1430 840 134 249 841 1391 1051 100 560 775 1086 1026 38 372 510 1904 1068 1390 658 1011 392 992 1200 1230 1515 1894 838 1905 490 1813 1418 212 125 635 1764 1281 1608 1929 1867 685 951 731 53 1676 747 1045 651 906 616 1254 853 223 243 630 110 1889 1354 637 1363 174 1077 1917 440 927 798 19 1249 705 1543 1071 1029 615 1126 1409 2002 563 1210 814 1263 243 754 261 1203 794 1961 112 227 1068 583 8 590 810 478 417 2004 195 144 14 1937 1706 1340 1247 783 1452 16 1202 1537 448 1841 1444 1272 924 1654 1532 128 1216 347 556 1784 518 723 875 711 751 44 1816 929 1248 838 74 1876 13 1663 1270 1904 1298 1023 818 964 1984 149 1446 1930 897 1165 938 1674 2039 908 1197 2038 541 1272 1744 1596 1698 1101 1405 1024 134 1265 619 629 1837 1083 1622 1930 1636 778 1199 360 107 1946 969 1562 452 86 1492 442 90 1983 728 1423 579 1240 1428 765 137 2023 1860 879 410 1559 20 1103 1337 1239 591 1173 145 850 2017 1049 650 1354 1282 742 1221 1277 1565 446 622 1258 61 841 1964 1264 453 1638 598 633 978 901 698 1475 1613 1280 1064 618 780 1326 1458 1777 516 1547 450 724 1583 1988 953 484 565 767 1868 1501 1626 508 897 639 357 1558 535 164 773 724 343 171 823 1150 548 1981 273 810 1449 1782 1252 864 1016 312 1297 1331 839 2001 455 2028 279 1092 945 363 1977 831 1614 1322 1787 1781 1601 1633 519 1195 1334 586 1911 744 1704 1631 1830 941 1393 1512 1672 503 1633 1219 1324 2029 1732 843 739 338 225 45 1264 2024 2036 125 1459 1334 608 1922 878 710 794 467 978 1261 437 1435 721 450 1838 1857 292 1670 345 497 843 342 903 1507 1274 1218 394 137 1536 1477 1398 507 774 68 985 607 
[OUTPUT]
3 8 10 11 12 13 14 16 19 20 24 27 28 33 34 38 38 41 43 44 45 46 50 53 56 57 60 61 68 69 70 73 74 76 76 77 77 77 85 86 89 90 91 94 100 103 105 107 108 110 112 113 115 116 117 118 120 124 125 125 125 127 128 129 130 134 134 134 137 137 137 138 144 144 144 145 147 149 149 157 159 161 164 165 166 167 168 170 171 171 172 173 174 175 176 178 181 184 195 197 198 203 204 205 206 208 210 212 217 218 223 225 226 227 229 243 243 247 248 249 253 253 253 256 260 261 262 264 266 268 273 276 278 279 282 284 285 285 287 290 291 292 296 299 300 302 303 305 306 312 313 313 316 318 325 326 327 328 333 335 336 338 342 343 345 347 348 349 350 350 352 353 354 357 360 363 363 363 364 369 372 374 377 378 378 380 381 386 391 392 394 399 402 403 405 410 417 418 419 423 424 429 430 432 433 434 437 438 440 442 443 444 446 448 450 450 450 452 453 454 455 457 458 459 460 462 463 464 467 469 470 476 478 480 484 485 487 488 489 490 497 499 500 503 507 507 507 508 508 509 510 516 518 519 524 526 530 534 535 538 541 543 544 545 548 556 560 562 563 565 566 567 567 567 575 576 579 583 586 589 590 591 594 596 598 600 604 605 606 607 608 609 610 613 615 616 618 619 622 626 629 630 633 634 635 636 637 639 640 642 645 649 650 651 653 653 653 654 656 657 658 659 665 666 669 670 672 673 680 682 684 685 687 693 698 702 703 704 705 706 708 709 710 711 712 714 717 721 723 724 724 726 728 730 731 732 733 735 737 739 740 741 742 744 747 750 751 752 754 757 762 764 765 767 770 771 773 774 775 775 777 778 780 782 783 794 794 794 795 798 799 800 802 803 804 810 810 811 811 812 814 814 818 823 823 824 826 829 831 833 835 836 838 838 838 839 840 841 841 841 843 843 848 850 853 853 853 854 856 859 862 863 864 864 873 875 876 878 879 885 886 888 892 893 895 896 896 896 897 897 897 901 902 903 905 906 907 908 911 912 914 919 920 921 921 924 926 927 928 929 930 934 938 941 945 946 951 953 959 962 962 962 964 965 966 968 969 971 972 975 977 978 978 978 981 983 985 990 992 994 999 1002 1004 1008 1011 1014 1015 1016 1016 1016 1023 1024 1025 1026 1028 1029 1035 1038 1038 1038 1045 1049 1051 1053 1055 1057 1060 1064 1067 1068 1068 1068 1071 1075 1076 1077 1081 1081 1083 1086 1087 1090 1091 1092 1100 1101 1103 1113 1117 1120 1121 1126 1131 1132 1133 1141 1142 1146 1147 1150 1155 1157 1161 1163 1164 1165 1166 1168 1169 1172 1173 1174 1177 1177 1181 1184 1189 1191 1193 1194 1195 1197 1199 1199 1200 1202 1203 1203 1203 1207 1210 1216 1218 1219 1220 1221 1223 1225 1227 1228 1229 1230 1239 1240 1242 1245 1246 1247 1248 1248 1248 1249 1250 1252 1254 1258 1261 1263 1264 1264 1265 1270 1272 1272 1274 1274 1274 1277 1280 1281 1282 1284 1289 1291 1293 1297 1298 1303 1304 1313 1314 1318 1321 1322 1324 1326 1329 1331 1334 1334 1337 1337 1339 1340 1341 1342 1343 1345 1349 1350 1354 1354 1355 1356 1359 1363 1364 1365 1377 1378 1379 1380 1381 1382 1389 1390 1391 1393 1394 1398 1399 1401 1405 1406 1407 1409 1410 1411 1413 1414 1417 1418 1419 1421 1423 1424 1428 1428 1429 1430 1432 1433 1435 1437 1439 1440 1443 1444 1446 1449 1450 1451 1452 1453 1456 1458 1459 1464 1465 1472 1475 1477 1479 1480 1484 1486 1489 1491 1491 1491 1492 1494 1495 1497 1498 1501 1502 1503 1507 1507 1507 1509 1512 1515 1518 1527 1530 1532 1536 1537 1537 1537 1543 1544 1547 1552 1558 1559 1560 1562 1563 1565 1567 1571 1571 1571 1581 1583 1583 1583 1591 1593 1595 1595 1595 1596 1597 1597 1597 1601 1602 1603 1606 1608 1609 1611 1613 1614 1618 1619 1621 1622 1624 1626 1627 1628 1628 1628 1629 1631 1633 1633 1634 1635 1635 1636 1638 1641 1643 1649 1650 1651 1654 1658 1660 1663 1665 1666 1670 1671 1672 1674 1676 1681 1689 1690 1693 1698 1704 1706 1707 1708 1712 1714 1717 1718 1719 1722 1730 1732 1733 1744 1746 1748 1751 1758 1758 1758 1760 1762 1764 1764 1771 1776 1777 1781 1782 1784 1785 1787 1788 1789 1790 1791 1793 1798 1803 1804 1808 1809 1812 1813 1816 1821 1824 1826 1829 1830 1831 1832 1837 1838 1840 1841 1843 1844 1849 1850 1851 1857 1859 1860 1863 1867 1868 1869 1870 1876 1877 1879 1882 1887 1888 1889 1894 1896 1899 1904 1904 1904 1905 1906 1911 1917 1922 1924 1925 1928 1929 1930 1930 1930 1931 1933 1937 1940 1941 1946 1955 1956 1961 1961 1961 1964 1968 1972 1975 1977 1979 1981 1983 1984 1986 1988 1991 1992 1995 1997 2000 2001 2002 2004 2006 2008 2012 2016 2017 2020 2022 2023 2023 2024 2026 2028 2029 2033 2036 2037 2038 2039 2043 2044 2048 

[INPUT]
1124
295 1046 1317 724 537 506 41 1424 878 79 869 1431 1441 28 801 316 123 707 611 1024 363 1251 98 729 1478 196 675 782 5 1134 652 1148 854 125 1214 118 838 613 1010 772 150 460 229 1464 763 357 72 850 1171 866 256 113 223 374 373 898 73 1035 212 1261 874 36 112 1039 243 1250 695 700 1152 825 711 852 786 1285 170 390 1333 345 820 414 382 419 1243 551 1197 1267 311 922 160 793 670 578 945 1064 135 586 1334 1124 625 1476 720 384 718 965 107 1209 916 1070 187 578 508 741 8 1177 1474 529 388 424 1376 1329 1194 854 376 1100 1026 703 569 682 1210 184 794 280 204 839 1423 1461 1106 389 1442 768 58 871 774 593 722 450 1023 408 92 1200 1393 1400 1101 215 1354 1390 1212 1084 1392 1161 55 1277 402 26 914 1043 1011 520 739 622 388 1058 557 170 272 156 948 962 936 1195 1411 218 1364 1067 650 1152 855 1163 698 931 567 1062 46 118 31 717 24 365 1138 36 1352 401 913 1291 144 457 889 1079 728 469 483 1351 1110 1193 244 966 1172 697 1216 938 386 377 129 680 465 1014 1353 33 983 1404 1462 137 392 821 738 1311 68 1056 38 1465 904 337 790 332 602 352 492 353 425 1488 126 681 1168 1408 1251 1487 258 312 293 1491 1316 65 1127 669 1480 238 210 631 1395 296 1045 1398 54 206 785 1289 935 702 319 86 784 151 541 417 1095 336 949 941 308 744 525 129 965 536 496 1339 199 298 264 1348 406 1052 845 1324 380 141 673 46 915 587 185 986 1085 595 137 830 1463 655 486 470 321 375 1198 932 992 1334 1286 580 901 813 1186 333 1115 153 961 1030 1298 716 1310 161 596 671 799 873 497 1038 1176 1065 182 29 354 457 1117 1294 888 234 1044 1453 213 817 1229 1490 123 73 604 565 180 693 722 920 436 407 504 1241 942 579 1463 822 549 85 1108 838 651 756 643 421 1486 644 327 205 66 1431 178 1371 400 51 507 103 1410 496 566 346 338 1270 1123 87 1334 533 1266 1190 886 258 510 1446 488 645 1196 972 516 765 456 659 747 1477 1016 600 608 883 1188 53 958 664 706 1493 699 954 15 1027 1126 167 329 677 534 324 1029 214 294 1457 367 685 1125 1050 1264 1325 397 498 870 829 1346 193 1356 111 1097 1180 1104 1345 1000 221 252 1034 715 310 1252 919 201 1448 524 1282 1320 152 386 1158 342 232 374 1013 45 765 69 1196 1463 422 973 765 831 4 400 231 1396 840 347 1259 1435 302 1327 261 1021 1159 104 1063 1370 208 1388 751 1019 1161 970 868 993 100 1054 1337 491 91 1199 803 863 262 843 374 1340 18 853 1031 1350 733 1331 290 1374 838 416 777 1 279 236 668 653 171 1032 505 129 1292 62 136 398 301 149 80 418 874 64 321 540 399 746 1136 233 1081 748 1295 1298 411 114 318 522 1189 266 80 548 556 1335 583 1019 270 561 978 317 52 40 472 896 531 1226 473 740 1391 300 1245 1192 682 288 6 1344 1435 1159 1196 102 263 1221 229 245 340 154 1077 140 1187 590 806 553 1202 1385 134 101 482 44 13 626 1304 203 512 1036 344 224 3 228 487 1140 436 139 849 603 918 1060 851 778 1417 132 268 1219 527 1119 1302 940 832 665 933 1494 546 1373 1099 1231 819 669 1380 1260 1083 379 1076 1224 727 1309 1300 683 1361 924 1262 787 701 191 482 1466 1178 885 835 1414 630 370 1271 437 636 1139 1401 431 1423 754 496 59 226 1059 142 867 764 1272 1481 1007 1015 271 249 36 118 1366 690 348 960 823 1082 1468 1191 833 1142 745 365 393 807 1281 82 1222 943 190 750 202 1088 911 927 1121 262 570 979 388 195 1455 281 1175 478 71 147 356 42 1275 971 278 1092 37 544 1373 1452 143 518 518 306 1418 541 538 1264 467 601 330 1348 921 1427 1384 1440 649 78 484 299 1422 170 157 564 646 1062 547 1218 558 1112 305 736 1263 1498 360 246 1367 989 1076 1064 495 1379 428 517 358 511 453 779 1157 1479 606 598 657 102 34 577 732 944 277 509 980 684 1360 917 319 891 1073 463 906 1009 89 188 1129 169 956 854 257 808 923 23 1211 612 1416 1484 907 48 990 391 694 314 894 884 1399 815 1479 198 752 554 1025 335 441 1208 1315 16 897 438 1160 1177 1355 386 1264 1161 588 1075 501 696 1062 172 1255 503 1069 1377 615 370 1469 999 225 1143 712 482 256 1204 1435 691 1276 523 90 1412 449 459 523 1346 41 32 527 1492 1283 471 539 866 1230 709 362 1173 1475 632 109 812 633 879 1342 61 248 855 440 415 532 1394 97 254 946 704 321 757 472 454 526 589 1002 783 1402 485 46 1005 816 1341 1240 947 731 368 332 1432 547 39 616 20 842 669 121 804 656 1140 805 1141 519 1431 550 862 722 848 1413 477 976 117 687 1383 856 182 1437 1135 351 659 369 1068 158 1249 399 297 50 1385 545 76 811 269 1428 909 1419 792 1215 660 929 1164 781 846 1125 689 1090 830 1247 1149 30 977 818 844 627 1322 105 761 327 1246 370 837 1022 27 247 874 73 547 260 1228 230 489 1061 12 643 555 758 1438 1118 282 776 658 735 1165 194 620 130 1003 676 1358 996 110 661 1006 760 1421 1348 274 1308 332 1328 343 219 719 826 176 975 1144 74 181 908 1113 797 634 102 468 1028 242 1148 791 1265 968 1318 666 571 730 572 229 1125 659 523 1122 1248 1287 995 877 550 164 276 618 582 307 1496 638 1336 80 1293 875 81 865 427 1154 688 106 1409 451 847 334 827 1433 1167 434 796 479 997 1346 1470 1174 
[OUTPUT]
1 3 4 5 6 8 12 13 15 16 18 20 23 24 26 27 28 29 30 31 32 33 34 36 36 36 37 38 39 40 41 41 42 44 45 46 46 46 48 50 51 52 53 54 55 58 59 61 62 64 65 66 68 69 71 72 73 73 73 74 76 78 79 80 80 80 81 82 85 86 87 89 90 91 92 97 98 100 101 102 102 102 103 104 105 106 107 109 110 111 112 113 114 117 118 118 118 121 123 123 125 126 129 129 129 130 132 134 135 136 137 137 139 140 141 142 143 144 147 149 150 151 152 153 154 156 157 158 160 161 164 167 169 170 170 170 171 172 176 178 180 181 182 182 184 185 187 188 190 191 193 194 195 196 198 199 201 202 203 204 205 206 208 210 212 213 214 215 218 219 221 223 224 225 226 228 229 229 229 230 231 232 233 234 236 238 242 243 244 245 246 247 248 249 252 254 256 256 257 258 258 260 261 262 262 263 264 266 268 269 270 271 272 274 276 277 278 279 280 281 282 288 290 293 294 295 296 297 298 299 300 301 302 305 306 307 308 310 311 312 314 316 317 318 319 319 321 321 321 324 327 327 329 330 332 332 332 333 334 335 336 337 338 340 342 343 344 345 346 347 348 351 352 353 354 356 357 358 360 362 363 365 365 367 368 369 370 370 370 373 374 374 374 375 376 377 379 380 382 384 386 386 386 388 388 388 389 390 391 392 393 397 398 399 399 400 400 401 402 406 407 408 411 414 415 416 417 418 419 421 422 424 425 427 428 431 434 436 436 437 438 440 441 449 450 451 453 454 456 457 457 459 460 463 465 467 468 469 470 471 472 472 473 477 478 479 482 482 482 483 484 485 486 487 488 489 491 492 495 496 496 496 497 498 501 503 504 505 506 507 508 509 510 511 512 516 517 518 518 519 520 522 523 523 523 524 525 526 527 527 529 531 532 533 534 536 537 538 539 540 541 541 544 545 546 547 547 547 548 549 550 550 551 553 554 555 556 557 558 561 564 565 566 567 569 570 571 572 577 578 578 579 580 582 583 586 587 588 589 590 593 595 596 598 600 601 602 603 604 606 608 611 612 613 615 616 618 620 622 625 626 627 630 631 632 633 634 636 638 643 643 644 645 646 649 650 651 652 653 655 656 657 658 659 659 659 660 661 664 665 666 668 669 669 669 670 671 673 675 676 677 680 681 682 682 683 684 685 687 688 689 690 691 693 694 695 696 697 698 699 700 701 702 703 704 706 707 709 711 712 715 716 717 718 719 720 722 722 722 724 727 728 729 730 731 732 733 735 736 738 739 740 741 744 745 746 747 748 750 751 752 754 756 757 758 760 761 763 764 765 765 765 768 772 774 776 777 778 779 781 782 783 784 785 786 787 790 791 792 793 794 796 797 799 801 803 804 805 806 807 808 811 812 813 815 816 817 818 819 820 821 822 823 825 826 827 829 830 830 831 832 833 835 837 838 838 838 839 840 842 843 844 845 846 847 848 849 850 851 852 853 854 854 854 855 855 856 862 863 865 866 866 867 868 869 870 871 873 874 874 874 875 877 878 879 883 884 885 886 888 889 891 894 896 897 898 901 904 906 907 908 909 911 913 914 915 916 917 918 919 920 921 922 923 924 927 929 931 932 933 935 936 938 940 941 942 943 944 945 946 947 948 949 954 956 958 960 961 962 965 965 966 968 970 971 972 973 975 976 977 978 979 980 983 986 989 990 992 993 995 996 997 999 1000 1002 1003 1005 1006 1007 1009 1010 1011 1013 1014 1015 1016 1019 1019 1021 1022 1023 1024 1025 1026 1027 1028 1029 1030 1031 1032 1034 1035 1036 1038 1039 1043 1044 1045 1046 1050 1052 1054 1056 1058 1059 1060 1061 1062 1062 1062 1063 1064 1064 1065 1067 1068 1069 1070 1073 1075 1076 1076 1077 1079 1081 1082 1083 1084 1085 1088 1090 1092 1095 1097 1099 1100 1101 1104 1106 1108 1110 1112 1113 1115 1117 1118 1119 1121 1122 1123 1124 1125 1125 1125 1126 1127 1129 1134 1135 1136 1138 1139 1140 1140 1141 1142 1143 1144 1148 1148 1149 1152 1152 1154 1157 1158 1159 1159 1160 1161 1161 1161 1163 1164 1165 1167 1168 1171 1172 1173 1174 1175 1176 1177 1177 1178 1180 1186 1187 1188 1189 1190 1191 1192 1193 1194 1195 1196 1196 1196 1197 1198 1199 1200 1202 1204 1208 1209 1210 1211 1212 1214 1215 1216 1218 1219 1221 1222 1224 1226 1228 1229 1230 1231 1240 1241 1243 1245 1246 1247 1248 1249 1250 1251 1251 1252 1255 1259 1260 1261 1262 1263 1264 1264 1264 1265 1266 1267 1270 1271 1272 1275 1276 1277 1281 1282 1283 1285 1286 1287 1289 1291 1292 1293 1294 1295 1298 1298 1300 1302 1304 1308 1309 1310 1311 1315 1316 1317 1318 1320 1322 1324 1325 1327 1328 1329 1331 1333 1334 1334 1334 1335 1336 1337 1339 1340 1341 1342 1344 1345 1346 1346 1346 1348 1348 1348 1350 1351 1352 1353 1354 1355 1356 1358 1360 1361 1364 1366 1367 1370 1371 1373 1373 1374 1376 1377 1379 1380 1383 1384 1385 1385 1388 1390 1391 1392 1393 1394 1395 1396 1398 1399 1400 1401 1402 1404 1408 1409 1410 1411 1412 1413 1414 1416 1417 1418 1419 1421 1422 1423 1423 1424 1427 1428 1431 1431 1431 1432 1433 1435 1435 1435 1437 1438 1440 1441 1442 1446 1448 1452 1453 1455 1457 1461 1462 1463 1463 1463 1464 1465 1466 1468 1469 1470 1474 1475 1476 1477 1478 1479 1479 1480 1481 1484 1486 1487 1488 1490 1491 1492 1493 1494 1496 1498 

[INPUT]
1008
501 112 147 917 259 238 1523 215 758 1242 949 267 1216 405 96 453 748 690 1470 967 827 766 1045 72 1344 118 908 1473 1384 1419 1252 708 1426 1053 1285 351 1033 1371 209 603 80 1247 86 299 483 1443 817 516 326 1039 1160 561 1527 787 103 1482 535 297 1251 856 385 1495 78 408 632 1313 877 1200 748 916 684 241 1243 1485 445 777 207 889 626 786 274 825 878 671 1327 44 1455 540 114 378 1468 1465 310 1151 1040 1091 1195 1451 1307 834 1284 488 560 1399 137 1450 1114 558 795 168 1517 1159 588 989 803 773 183 835 109 1519 561 945 845 964 465 956 66 1081 1278 511 271 534 1079 158 668 1201 1224 623 915 812 13 734 280 1014 26 1404 948 614 1066 844 331 1475 432 1188 403 375 1290 854 399 1013 455 352 1456 1182 794 742 778 962 367 53 770 539 182 1506 699 903 1099 1008 678 129 958 294 51 1395 166 491 614 1317 397 384 692 235 700 632 833 546 730 302 703 195 1033 661 222 937 1478 1047 1136 245 36 77 1013 1379 801 1199 120 282 1025 1111 802 1207 524 1161 425 1213 712 172 464 1504 617 145 742 830 203 1367 33 312 202 785 94 1374 1370 1407 1183 1340 1189 460 337 1075 851 1081 429 224 1042 420 1010 64 276 1416 1063 440 1294 22 249 1 248 1302 1184 520 1529 813 393 497 636 1076 983 1355 860 365 947 1368 1263 648 1060 1428 1174 818 1290 230 139 104 858 1257 89 1453 1476 1344 1502 1232 1409 737 185 1474 1081 1179 892 222 1108 811 45 1497 1459 421 324 1503 1362 508 1162 906 788 457 9 1231 657 1513 1292 67 1366 622 15 995 704 316 461 847 1102 376 459 1003 868 1329 953 82 399 1012 573 985 1262 438 986 536 537 541 1168 546 721 1172 357 1448 962 941 70 1370 1425 486 577 1429 167 665 126 212 564 809 253 1190 153 485 57 1052 1345 1149 1125 1154 1490 1049 181 895 347 1180 871 742 473 574 423 1090 138 1131 516 1196 1322 565 1033 90 389 166 1375 356 874 1337 1264 152 1365 235 676 887 1233 254 891 163 677 814 613 1178 1518 1312 969 1301 450 804 577 1005 319 685 960 526 846 315 1051 1067 1328 1248 153 85 774 406 304 563 62 641 1298 208 188 284 577 1427 1360 1319 516 795 799 1331 954 262 1148 541 1426 407 25 171 923 949 618 1169 12 1504 590 39 843 1144 10 184 940 704 1261 214 1270 149 446 1226 660 69 334 75 1126 1343 8 1397 651 1094 240 380 1145 166 774 415 746 556 571 975 102 127 1208 896 1097 1153 964 1167 52 720 229 992 399 320 809 1211 50 278 1366 1095 230 575 509 1187 1120 981 744 1144 58 496 781 283 562 228 273 794 1261 1061 502 518 1387 247 258 1172 133 1435 99 155 154 108 1021 1092 1222 676 220 474 993 1147 37 1115 291 31 1167 191 632 1390 968 1011 1070 406 42 977 687 350 866 277 1133 962 754 20 1234 61 771 436 115 514 294 1166 879 487 523 1069 1303 371 173 191 306 344 1202 625 928 1206 823 838 226 1383 592 1271 820 46 1085 45 772 1041 41 16 797 80 80 794 1171 550 169 285 752 132 1417 135 1291 38 613 1100 1446 193 1197 1087 1240 394 521 406 862 293 925 1246 1064 1103 1392 200 127 1089 870 729 1212 1345 614 1373 599 1139 619 764 105 162 910 590 683 1073 1116 194 495 17 1223 362 1290 538 1180 1127 933 76 908 1135 772 1427 1112 505 1120 1464 634 628 688 657 919 1030 131 1311 246 1299 604 569 824 3 728 476 186 1366 458 1412 1203 957 1080 572 355 106 1050 1350 527 533 1522 535 174 636 839 1121 448 553 1275 761 478 899 1214 165 1130 500 987 288 24 21 955 507 561 1487 1452 420 63 1293 591 1526 1026 689 1027 45 289 176 467 1511 978 151 573 934 763 798 1295 525 1058 1034 1163 547 1152 842 98 1279 567 211 939 1273 676 1499 134 456 764 531 512 739 636 68 500 391 335 627 875 714 2 482 772 852 178 936 153 972 261 976 1167 1483 1520 853 1253 1229 1394 581 663 566 1180 419 498 363 1087 1454 1378 210 613 621 1460 1472 1354 769 735 655 573 1113 34 930 900 833 710 656 375 1119 1484 1413 764 942 342 637 349 996 1096 624 1372 808 122 532 431 1477 1138 782 101 829 191 971 920 205 1325 1170 1488 740 673 1494 583 609 753 1120 908 732 1516 1044 653 84 32 997 760 322 862 450 360 1029 1109 1352 1004 1006 694 691 1048 364 1234 1004 56 504 216 752 1436 1158 717 460 1054 333 1156 266 435 795 1418 704 590 477 1346 1496 40 206 938 1274 837 1427 1259 514 1458 1338 1370 850 244 833 392 1165 707 460 546 615 281 268 949 1276 713 411 40 1421 418 1347 1205 426 1192 72 1512 970 420 201 340 1525 329 583 1334 784 751 1345 1123 1528 1013 444 1088 1304 1286 328 248 40 849 589 1364 861 1316 413 586 313 681 775 674 323 1062 1356 1460 255 1287 493 549 1000 71 388 144 396 1471 510 646 890 6 1438 
[OUTPUT]
1 2 3 6 8 9 10 12 13 15 16 17 20 21 22 24 25 26 31 32 33 34 36 37 38 39 40 40 40 41 42 44 45 45 45 46 50 51 52 53 56 57 58 61 62 63 64 66 67 68 69 70 71 72 72 75 76 77 78 80 80 80 82 84 85 86 89 90 94 96 98 99 101 102 103 104 105 106 108 109 112 114 115 118 120 122 126 127 127 129 131 132 133 134 135 137 138 139 144 145 147 149 151 152 153 153 153 154 155 158 162 163 165 166 166 166 167 168 169 171 172 173 174 176 178 181 182 183 184 185 186 188 191 191 191 193 194 195 200 201 202 203 205 206 207 208 209 210 211 212 214 215 216 220 222 222 224 226 228 229 230 230 235 235 238 240 241 244 245 246 247 248 248 249 253 254 255 258 259 261 262 266 267 268 271 273 274 276 277 278 280 281 282 283 284 285 288 289 291 293 294 294 297 299 302 304 306 310 312 313 315 316 319 320 322 323 324 326 328 329 331 333 334 335 337 340 342 344 347 349 350 351 352 355 356 357 360 362 363 364 365 367 371 375 375 376 378 380 384 385 388 389 391 392 393 394 396 397 399 399 399 403 405 406 406 406 407 408 411 413 415 418 419 420 420 420 421 423 425 426 429 431 432 435 436 438 440 444 445 446 448 450 450 453 455 456 457 458 459 460 460 460 461 464 465 467 473 474 476 477 478 482 483 485 486 487 488 491 493 495 496 497 498 500 500 501 502 504 505 507 508 509 510 511 512 514 514 516 516 516 518 520 521 523 524 525 526 527 531 532 533 534 535 535 536 537 538 539 540 541 541 546 546 546 547 549 550 553 556 558 560 561 561 561 562 563 564 565 566 567 569 571 572 573 573 573 574 575 577 577 577 581 583 583 586 588 589 590 590 590 591 592 599 603 604 609 613 613 613 614 614 614 615 617 618 619 621 622 623 624 625 626 627 628 632 632 632 634 636 636 636 637 641 646 648 651 653 655 656 657 657 660 661 663 665 668 671 673 674 676 676 676 677 678 681 683 684 685 687 688 689 690 691 692 694 699 700 703 704 704 704 707 708 710 712 713 714 717 720 721 728 729 730 732 734 735 737 739 740 742 742 742 744 746 748 748 751 752 752 753 754 758 760 761 763 764 764 764 766 769 770 771 772 772 772 773 774 774 775 777 778 781 782 784 785 786 787 788 794 794 794 795 795 795 797 798 799 801 802 803 804 808 809 809 811 812 813 814 817 818 820 823 824 825 827 829 830 833 833 833 834 835 837 838 839 842 843 844 845 846 847 849 850 851 852 853 854 856 858 860 861 862 862 866 868 870 871 874 875 877 878 879 887 889 890 891 892 895 896 899 900 903 906 908 908 908 910 915 916 917 919 920 923 925 928 930 933 934 936 937 938 939 940 941 942 945 947 948 949 949 949 953 954 955 956 957 958 960 962 962 962 964 964 967 968 969 970 971 972 975 976 977 978 981 983 985 986 987 989 992 993 995 996 997 1000 1003 1004 1004 1005 1006 1008 1010 1011 1012 1013 1013 1013 1014 1021 1025 1026 1027 1029 1030 1033 1033 1033 1034 1039 1040 1041 1042 1044 1045 1047 1048 1049 1050 1051 1052 1053 1054 1058 1060 1061 1062 1063 1064 1066 1067 1069 1070 1073 1075 1076 1079 1080 1081 1081 1081 1085 1087 1087 1088 1089 1090 1091 1092 1094 1095 1096 1097 1099 1100 1102 1103 1108 1109 1111 1112 1113 1114 1115 1116 1119 1120 1120 1120 1121 1123 1125 1126 1127 1130 1131 1133 1135 1136 1138 1139 1144 1144 1145 1147 1148 1149 1151 1152 1153 1154 1156 1158 1159 1160 1161 1162 1163 1165 1166 1167 1167 1167 1168 1169 1170 1171 1172 1172 1174 1178 1179 1180 1180 1180 1182 1183 1184 1187 1188 1189 1190 1192 1195 1196 1197 1199 1200 1201 1202 1203 1205 1206 1207 1208 1211 1212 1213 1214 1216 1222 1223 1224 1226 1229 1231 1232 1233 1234 1234 1240 1242 1243 1246 1247 1248 1251 1252 1253 1257 1259 1261 1261 1262 1263 1264 1270 1271 1273 1274 1275 1276 1278 1279 1284 1285 1286 1287 1290 1290 1290 1291 1292 1293 1294 1295 1298 1299 1301 1302 1303 1304 1307 1311 1312 1313 1316 1317 1319 1322 1325 1327 1328 1329 1331 1334 1337 1338 1340 1343 1344 1344 1345 1345 1345 1346 1347 1350 1352 1354 1355 1356 1360 1362 1364 1365 1366 1366 1366 1367 1368 1370 1370 1370 1371 1372 1373 1374 1375 1378 1379 1383 1384 1387 1390 1392 1394 1395 1397 1399 1404 1407 1409 1412 1413 1416 1417 1418 1419 1421 1425 1426 1426 1427 1427 1427 1428 1429 1435 1436 1438 1443 1446 1448 1450 1451 1452 1453 1454 1455 1456 1458 1459 1460 1460 1464 1465 1468 1470 1471 1472 1473 1474 1475 1476 1477 1478 1482 1483 1484 1485 1487 1488 1490 1494 1495 1496 1497 1499 1502 1503 1504 1504 1506 1511 1512 1513 1516 1517 1518 1519 1520 1522 1523 1525 1526 1527 1528 1529 

[INPUT]
1070
859 1603 566 1420 997 512 1154 987 1651 2286 1438 458 1362 2338 1099 1635 1300 890 1194 855 1572 571 2063 2159 1986 2306 1127 2237 254 1332 1683 964 597 714 2242 1699 2223 500 1441 1254 2076 2042 2027 1301 1721 1369 1848 388 883 2143 2234 669 533 971 2086 2287 1493 996 341 2112 2022 930 1904 684 1532 1820 1573 1479 1536 157 53 1406 1203 1569 127 1295 1187 1136 2416 1978 1055 1192 908 386 1709 1417 983 1489 2151 1783 1685 2226 803 2312 947 1186 2220 1990 37 2343 1130 1039 1377 2088 2362 2034 624 75 650 2068 554 1228 273 1088 992 1853 1827 2347 1456 2227 772 1639 1791 1846 1860 1201 1725 1433 1302 944 1526 403 2326 724 769 2293 1777 2173 1050 1578 63 1764 1175 882 1552 1472 2398 1132 31 462 2388 1919 514 2035 721 1646 952 2344 621 68 233 2077 1256 200 1405 1140 1080 574 2187 553 895 2375 435 1757 1653 378 2364 1509 2332 1152 1857 310 1564 1985 150 149 2224 137 902 1737 30 745 2114 2070 1641 491 1736 351 2288 380 1938 2333 2048 1590 325 474 1053 899 1208 1355 1303 2166 1060 1340 851 708 1962 602 849 218 893 787 905 1360 2156 1219 1052 224 975 2414 1925 881 1900 600 1210 1778 1183 468 1878 269 307 498 1412 2032 1671 1943 1667 593 660 432 1260 1511 207 1422 1245 1397 645 1533 1310 837 448 304 244 379 1343 2203 963 1125 1776 665 751 1357 2142 1042 668 742 252 1174 231 931 1235 1110 2253 262 1077 1049 1313 2368 2120 93 1176 2099 22 976 2232 596 679 1896 938 762 546 575 978 2060 1091 540 2138 956 1153 2420 1997 631 704 1756 1786 1225 1471 743 1107 2274 230 1890 2383 785 777 538 308 2336 1065 2277 857 854 29 1799 395 1294 675 2272 1250 1231 1865 618 2039 1443 247 499 2397 2260 1339 1287 588 476 800 816 1449 1808 1840 1920 2197 2317 865 1005 1233 2384 1221 1326 789 1875 506 1657 377 879 39 1901 558 1622 2379 2181 910 2266 2340 2407 1993 1903 565 2444 2439 241 2049 1876 183 598 1322 2406 18 1171 685 869 833 891 215 901 1807 943 2349 74 2400 337 510 1971 1688 545 528 1095 282 982 809 1854 104 77 1662 1899 2025 832 146 1772 60 1892 2454 524 138 61 2178 2136 340 2078 1882 2334 2313 1752 460 1288 1554 189 583 107 1432 1928 56 955 415 1239 1983 433 2010 672 2241 2351 2376 2307 814 629 1368 1656 717 1759 1681 1470 1628 1568 2276 2041 1092 678 1323 1760 473 58 1249 2001 725 1076 1143 497 1373 2125 844 84 1012 205 547 922 1525 750 912 1796 479 1349 195 1583 1763 2448 1869 1858 1090 605 1293 2043 2124 399 279 2219 260 707 2003 329 2418 1598 2378 1712 2354 232 465 2430 920 822 1236 537 1463 1768 929 1835 2348 1022 1645 142 1495 151 451 197 2101 1828 1215 1265 954 1754 417 1620 1613 1535 790 1957 1664 2271 1216 2052 2329 599 51 1202 2374 2051 1558 1608 2005 1856 15 321 2192 826 8 1402 1801 2417 1000 286 1692 1058 2186 609 603 38 1089 294 326 740 848 1822 1672 505 1093 1400 1014 119 1537 1320 182 2257 1995 2300 1159 494 4 1345 1617 1162 188 747 1389 835 768 584 248 639 154 853 297 1314 1551 962 1829 2066 1280 936 1514 870 1687 2254 2371 1819 12 27 2026 2392 251 2030 508 323 2097 1285 2361 70 1333 222 1020 120 2123 2455 756 1274 95 1119 362 1496 250 885 1779 1276 73 401 1446 1576 1582 696 1484 642 770 2285 1806 741 2236 452 1955 111 726 2040 1883 530 1977 1126 1364 1781 159 2377 387 239 896 886 735 1217 671 1747 1118 2162 1975 1435 2054 628 662 1120 1935 2059 1711 960 1979 389 1855 712 76 91 1956 1769 367 682 97 493 464 550 2328 408 2018 1455 332 1468 1457 2268 1026 1222 2 830 454 186 752 1497 1009 2213 1936 2429 132 481 1965 354 1534 306 2126 2402 1516 1341 1394 2175 1226 1267 1015 9 1987 2071 1501 2092 601 1018 2228 516 2315 2248 1299 1909 1503 1220 467 1843 1700 2225 697 1240 1329 937 1963 555 331 595 121 1707 917 79 1941 1160 1766 1565 965 1970 1931 1477 1715 11 2033 212 1981 2412 131 457 1079 2118 841 28 1751 889 578 208 426 1640 1087 653 1134 2036 2012 846 1614 815 884 2229 690 83 651 209 167 1451 1767 2335 1888 1633 582 687 1019 2157 2433 989 2325 316 1103 1342 2045 1047 1937 827 551 2038 1101 2168 223 995 25 1947 2314 72 753 45 2408 523 1116 50 2410 1563 1331 1946 1190 2089 2008 1596 838 953 2084 1880 783 2391 217 1881 2359 1696 663 2028 271 808 1139 933 1410 489 1337 2381 1367 1587 1794 109 453 16 775 320 1884 1117 560 774 90 543 1388 1023 1830 2251 686 193 54 646 1109 2080 1528 1594 1726 2163 1945 1523 535 315 1749 397 1071 342 1428 1591 1508 998 1352 98 2047 2278 1780 2243 469 748 1063 2380 1487 192 1851 2183 1991 1193 1016 1891 959 1670 1212 2158 654 172 1816 143 2346 1454 1661 158 581 625 1137 876 1948 2319 2106 1701 1520 2016 1358 166 289 664 1237 2269 1738 1124 285 1275 66 1621 2308 484 26 1150 2176 1691 19 2403 439 2321 1908 1624 821 128 921 874 400 1082 836 1803 1544 1588 147 261 1607 636 985 1269 2087 116 2427 1731 694 1008 2445 935 1106 396 1145 734 1623 2401 620 1271 423 548 1282 780 644 1423 1418 1717 496 1234 71 385 124 422 729 1399 2177 1895 1086 1755 1344 409 1286 2105 1177 1782 298 2356 101 398 2058 164 1096 1061 382 1839 243 2249 440 898 266 2382 2017 1693 623 203 
[OUTPUT]
2 4 8 9 11 12 15 16 18 19 22 25 26 27 28 29 30 31 37 38 39 45 50 51 53 54 56 58 60 61 63 66 68 70 71 72 73 74 75 76 77 79 83 84 90 91 93 95 97 98 101 104 107 109 111 116 119 120 121 124 127 128 131 132 137 138 142 143 146 147 149 150 151 154 157 158 159 164 166 167 172 182 183 186 188 189 192 193 195 197 200 203 205 207 208 209 212 215 217 218 222 223 224 230 231 232 233 239 241 243 244 247 248 250 251 252 254 260 261 262 266 269 271 273 279 282 285 286 289 294 297 298 304 306 307 308 310 315 316 320 321 323 325 326 329 331 332 337 340 341 342 351 354 362 367 377 378 379 380 382 385 386 387 388 389 395 396 397 398 399 400 401 403 408 409 415 417 422 423 426 432 433 435 439 440 448 451 452 453 454 457 458 460 462 464 465 467 468 469 473 474 476 479 481 484 489 491 493 494 496 497 498 499 500 505 506 508 510 512 514 516 523 524 528 530 533 535 537 538 540 543 545 546 547 548 550 551 553 554 555 558 560 565 566 571 574 575 578 581 582 583 584 588 593 595 596 597 598 599 600 601 602 603 605 609 618 620 621 623 624 625 628 629 631 636 639 642 644 645 646 650 651 653 654 660 662 663 664 665 668 669 671 672 675 678 679 682 684 685 686 687 690 694 696 697 704 707 708 712 714 717 721 724 725 726 729 734 735 740 741 742 743 745 747 748 750 751 752 753 756 762 768 769 770 772 774 775 777 780 783 785 787 789 790 800 803 808 809 814 815 816 821 822 826 827 830 832 833 835 836 837 838 841 844 846 848 849 851 853 854 855 857 859 865 869 870 874 876 879 881 882 883 884 885 886 889 890 891 893 895 896 898 899 901 902 905 908 910 912 917 920 921 922 929 930 931 933 935 936 937 938 943 944 947 952 953 954 955 956 959 960 962 963 964 965 971 975 976 978 982 983 985 987 989 992 995 996 997 998 1000 1005 1008 1009 1012 1014 1015 1016 1018 1019 1020 1022 1023 1026 1039 1042 1047 1049 1050 1052 1053 1055 1058 1060 1061 1063 1065 1071 1076 1077 1079 1080 1082 1086 1087 1088 1089 1090 1091 1092 1093 1095 1096 1099 1101 1103 1106 1107 1109 1110 1116 1117 1118 1119 1120 1124 1125 1126 1127 1130 1132 1134 1136 1137 1139 1140 1143 1145 1150 1152 1153 1154 1159 1160 1162 1171 1174 1175 1176 1177 1183 1186 1187 1190 1192 1193 1194 1201 1202 1203 1208 1210 1212 1215 1216 1217 1219 1220 1221 1222 1225 1226 1228 1231 1233 1234 1235 1236 1237 1239 1240 1245 1249 1250 1254 1256 1260 1265 1267 1269 1271 1274 1275 1276 1280 1282 1285 1286 1287 1288 1293 1294 1295 1299 1300 1301 1302 1303 1310 1313 1314 1320 1322 1323 1326 1329 1331 1332 1333 1337 1339 1340 1341 1342 1343 1344 1345 1349 1352 1355 1357 1358 1360 1362 1364 1367 1368 1369 1373 1377 1388 1389 1394 1397 1399 1400 1402 1405 1406 1410 1412 1417 1418 1420 1422 1423 1428 1432 1433 1435 1438 1441 1443 1446 1449 1451 1454 1455 1456 1457 1463 1468 1470 1471 1472 1477 1479 1484 1487 1489 1493 1495 1496 1497 1501 1503 1508 1509 1511 1514 1516 1520 1523 1525 1526 1528 1532 1533 1534 1535 1536 1537 1544 1551 1552 1554 1558 1563 1564 1565 1568 1569 1572 1573 1576 1578 1582 1583 1587 1588 1590 1591 1594 1596 1598 1603 1607 1608 1613 1614 1617 1620 1621 1622 1623 1624 1628 1633 1635 1639 1640 1641 1645 1646 1651 1653 1656 1657 1661 1662 1664 1667 1670 1671 1672 1681 1683 1685 1687 1688 1691 1692 1693 1696 1699 1700 1701 1707 1709 1711 1712 1715 1717 1721 1725 1726 1731 1736 1737 1738 1747 1749 1751 1752 1754 1755 1756 1757 1759 1760 1763 1764 1766 1767 1768 1769 1772 1776 1777 1778 1779 1780 1781 1782 1783 1786 1791 1794 1796 1799 1801 1803 1806 1807 1808 1816 1819 1820 1822 1827 1828 1829 1830 1835 1839 1840 1843 1846 1848 1851 1853 1854 1855 1856 1857 1858 1860 1865 1869 1875 1876 1878 1880 1881 1882 1883 1884 1888 1890 1891 1892 1895 1896 1899 1900 1901 1903 1904 1908 1909 1919 1920 1925 1928 1931 1935 1936 1937 1938 1941 1943 1945 1946 1947 1948 1955 1956 1957 1962 1963 1965 1970 1971 1975 1977 1978 1979 1981 1983 1985 1986 1987 1990 1991 1993 1995 1997 2001 2003 2005 2008 2010 2012 2016 2017 2018 2022 2025 2026 2027 2028 2030 2032 2033 2034 2035 2036 2038 2039 2040 2041 2042 2043 2045 2047 2048 2049 2051 2052 2054 2058 2059 2060 2063 2066 2068 2070 2071 2076 2077 2078 2080 2084 2086 2087 2088 2089 2092 2097 2099 2101 2105 2106 2112 2114 2118 2120 2123 2124 2125 2126 2136 2138 2142 2143 2151 2156 2157 2158 2159 2162 2163 2166 2168 2173 2175 2176 2177 2178 2181 2183 2186 2187 2192 2197 2203 2213 2219 2220 2223 2224 2225 2226 2227 2228 2229 2232 2234 2236 2237 2241 2242 2243 2248 2249 2251 2253 2254 2257 2260 2266 2268 2269 2271 2272 2274 2276 2277 2278 2285 2286 2287 2288 2293 2300 2306 2307 2308 2312 2313 2314 2315 2317 2319 2321 2325 2326 2328 2329 2332 2333 2334 2335 2336 2338 2340 2343 2344 2346 2347 2348 2349 2351 2354 2356 2359 2361 2362 2364 2368 2371 2374 2375 2376 2377 2378 2379 2380 2381 2382 2383 2384 2388 2391 2392 2397 2398 2400 2401 2402 2403 2406 2407 2408 2410 2412 2414 2416 2417 2418 2420 2427 2429 2430 2433 2439 2444 2445 2448 2454 2455 

