[INPUT]
0
[OUTPUT]
 

[INPUT]
1
10
10
[OUTPUT]
10

[INPUT]
10
10 20
20 10
[OUTPUT]
20 10

[INPUT]
2
10 20
10 20
[OUTPUT]
20 10

[INPUT]
3
10 20 30
20 10 30
[OUTPUT]
20 30 10

[INPUT]
7
10 20 40 50 30 60 70
40 20 50 10 60 30 70
[OUTPUT]
40 50 20 60 70 30 10

[INPUT]
8
1 2 4 7 3 5 6 8
4 7 2 1 5 3 8 6
[OUTPUT]
7 4 2 5 8 6 3 1

[INPUT]
10
1 2 3 4 5 6 7 8 9 10
5 4 3 2 1 6 7 8 9 10
[OUTPUT]
5 4 3 2 10 9 8 7 6 1

[INPUT]
11
1 2 3 4 5 6 7 8 9 10 11
5 4 3 2 1 11 10 9 8 7 6
[OUTPUT]
5 4 3 2 11 10 9 8 7 6 1

[INPUT]
12
1 2 3 4 5 6 7 8 9 10 11 12
2 3 4 5 6 1 12 11 10 9 8 7
[OUTPUT]
6 5 4 3 2 12 11 10 9 8 7 1

[INPUT]
7
1 2 3 4 5 6 7
2 3 4 1 5 6 7
[OUTPUT]
4 3 2 7 6 5 1

[INPUT]
7
1 2 4 5 3 6 7
2 5 4 1 6 7 3
[OUTPUT]
5 4 2 7 6 3 1
