[INPUT]
0
[OUTPUT]


[INPUT]
1
10
[OUTPUT]
10

[INPUT]
2
1 2
3 4
[OUTPUT]
3 1
4 2

[INPUT]
3
1 2 3
4 5 6
7 8 9
[OUTPUT]
7 4 1
8 5 2
9 6 3

[INPUT]
4
1 2 3 4
5 6 7 8
9 10 11 12
13 14 15 16
[OUTPUT]
13 9 5 1
14 10 6 2
15 11 7 3
16 12 8 4

[INPUT]
5
1 2 3 4 5
6 7 8 9 10
11 12 13 14 15
16 17 18 19 20
21 22 23 24 25

[OUTPUT]
21 16 11 6 1
22 17 12 7 2
23 18 13 8 3
24 19 14 9 4
25 20 15 10 5

[INPUT]
6
1 2 3 0 0 0
4 5 6 0 0 0
7 8 9 0 0 0
0 0 0 0 0 0
0 0 0 0 0 0
0 0 0 0 0 0
[OUTPUT]
0 0 0 7 4 1
0 0 0 8 5 2
0 0 0 9 6 3
0 0 0 0 0 0
0 0 0 0 0 0
0 0 0 0 0 0

[INPUT]
7
1 2 3 0 0 0 1111
4 5 6 0 0 0 0
7 8 9 0 0 0 0
0 0 0 10 0 0 0
0 0 0 0 0 0 0
0 0 0 0 0 0 0
111 0 0 0 0 0 0
[OUTPUT]
111 0 0 0 7 4 1
0 0 0 0 8 5 2
0 0 0 0 9 6 3
0 0 0 10 0 0 0
0 0 0 0 0 0 0
0 0 0 0 0 0 0
0 0 0 0 0 0 1111

[INPUT]
8
0 0 0 0 0 0 0 0
0 0 0 0 0 0 0 0
0 0 0 0 0 0 0 0
0 0 0 0 0 0 0 0
0 0 0 0 0 0 0 0
0 0 0 0 0 0 0 0
0 0 0 0 0 0 0 0
0 0 0 0 0 0 0 0
[OUTPUT]
0 0 0 0 0 0 0 0
0 0 0 0 0 0 0 0
0 0 0 0 0 0 0 0
0 0 0 0 0 0 0 0
0 0 0 0 0 0 0 0
0 0 0 0 0 0 0 0
0 0 0 0 0 0 0 0
0 0 0 0 0 0 0 0
