[INPUT]
-1 -1
[OUTPUT]
 

[INPUT]
0 0
[OUTPUT]
 

[INPUT]
1 1
10
[OUTPUT]
10

[INPUT]
1 1
0
[OUTPUT]
0

[INPUT]
2 2
0 3
1 2
[OUTPUT]
0 0
0 2

[INPUT]
2 2
1 2
0 0
[OUTPUT]
0 0
0 0

[INPUT]
3 3
1 2 3
4 5 6
7 8 9
[OUTPUT]
1 2 3
4 5 6
7 8 9

[INPUT]
3 3
0 0 0
0 0 0
0 0 0
[OUTPUT]
0 0 0
0 0 0
0 0 0

[INPUT]
5 4
1 2 3 4
5 6 7 8
9 10 11 12
13 14 15 16
1 1 1 1
[OUTPUT]
1 2 3 4
5 6 7 8
9 10 11 12
13 14 15 16
1 1 1 1

[INPUT]
4 4
1 2 3 4
5 0 7 8
9 10 11 12
13 14 15 16
[OUTPUT]
1 0 3 4
0 0 0 0
9 0 11 12
13 0 15 16

[INPUT]
5 6
1 2 3 4 5 6
10 20 30 40 50 60
10 20 30 40 50 60
10 20 30 40 50 60
10 20 30 40 50 0
[OUTPUT]
1 2 3 4 5 0
10 20 30 40 50 0
10 20 30 40 50 0
10 20 30 40 50 0
0 0 0 0 0 0

[INPUT]
6 6
1 2 3 4 5 6
10 2 3 4 5 6
10 20 3 4 5 6
10 20 30 4 5 6
10 20 30 40 5 6
10 20 30 40 50 6
[OUTPUT]
1 2 3 4 5 6
10 2 3 4 5 6
10 20 3 4 5 6
10 20 30 4 5 6
10 20 30 40 5 6
10 20 30 40 50 6

[INPUT]
6 7
1 2 3 4 5 6 0
10 2 3 4 5 6 7
10 20 3 4 5 6 7
10 20 30 4 5 6 7
10 20 30 40 5 6 7
10 20 30 40 50 6 7
[OUTPUT]
0 0 0 0 0 0 0
10 2 3 4 5 6 0
10 20 3 4 5 6 0
10 20 30 4 5 6 0
10 20 30 40 5 6 0
10 20 30 40 50 6 0

[INPUT]
7 8
1 2 3 4 5 6 7 8
1 2 3 4 5 6 0 8
10 2 3 4 5 6 7 8
10 20 3 4 5 6 7 8
10 20 30 4 5 6 7 8
10 20 30 40 5 6 7 8
10 20 30 40 50 6 7 8
[OUTPUT]
1 2 3 4 5 6 0 8
0 0 0 0 0 0 0 0
10 2 3 4 5 6 0 8
10 20 3 4 5 6 0 8
10 20 30 4 5 6 0 8
10 20 30 40 5 6 0 8
10 20 30 40 50 6 0 8
