[INPUT]
0
[OUTPUT]
 

[INPUT]
1
100
[OUTPUT]
100

[INPUT]
2
10 5
[OUTPUT]
10 5

[INPUT]
2
5 10
[OUTPUT]
10 5

[INPUT]
2
100 100
[OUTPUT]
100 100

[INPUT]
3
30 20 10
[OUTPUT]
30 20 10

[INPUT]
3
20 20 20
[OUTPUT]
20 20 20

[INPUT]
3
10 200 3000
[OUTPUT]
3000 200 10

[INPUT]
3
10 111 10
[OUTPUT]
111 10 10

[INPUT]
5
0 0 0 0 0
[OUTPUT]
0 0 0 0 0

[INPUT]
10
1 2 3 4 5 6 7 8 9 10
[OUTPUT]
10 9 8 7 6 5 4 3 2 1

[INPUT]
10
10 9 8 7 6 5 4 3 2 1
[OUTPUT]
10 9 8 7 6 5 4 3 2 1

[INPUT]
10
10 4 3 6 5 1 7 2 9 8
[OUTPUT]
10 9 8 7 6 5 4 3 2 1

[INPUT]
500
1 2 3 4 5 6 7 8 9 10 11 12 13 14 15 16 17 18 19 20 21 22 23 24 25 26 27 28 29 30 31 32 33 34 35 36 37 38 39 40 41 42 43 44 45 46 47 48 49 50 51 52 53 54 55 56 57 58 59 60 61 62 63 64 65 66 67 68 69 70 71 72 73 74 75 76 77 78 79 80 81 82 83 84 85 86 87 88 89 90 91 92 93 94 95 96 97 98 99 100 101 102 103 104 105 106 107 108 109 110 111 112 113 114 115 116 117 118 119 120 121 122 123 124 125 126 127 128 129 130 131 132 133 134 135 136 137 138 139 140 141 142 143 144 145 146 147 148 149 150 151 152 153 154 155 156 157 158 159 160 161 162 163 164 165 166 167 168 169 170 171 172 173 174 175 176 177 178 179 180 181 182 183 184 185 186 187 188 189 190 191 192 193 194 195 196 197 198 199 200 201 202 203 204 205 206 207 208 209 210 211 212 213 214 215 216 217 218 219 220 221 222 223 224 225 226 227 228 229 230 231 232 233 234 235 236 237 238 239 240 241 242 243 244 245 246 247 248 249 250 251 252 253 254 255 256 257 258 259 260 261 262 263 264 265 266 267 268 269 270 271 272 273 274 275 276 277 278 279 280 281 282 283 284 285 286 287 288 289 290 291 292 293 294 295 296 297 298 299 300 301 302 303 304 305 306 307 308 309 310 311 312 313 314 315 316 317 318 319 320 321 322 323 324 325 326 327 328 329 330 331 332 333 334 335 336 337 338 339 340 341 342 343 344 345 346 347 348 349 350 351 352 353 354 355 356 357 358 359 360 361 362 363 364 365 366 367 368 369 370 371 372 373 374 375 376 377 378 379 380 381 382 383 384 385 386 387 388 389 390 391 392 393 394 395 396 397 398 399 400 401 402 403 404 405 406 407 408 409 410 411 412 413 414 415 416 417 418 419 420 421 422 423 424 425 426 427 428 429 430 431 432 433 434 435 436 437 438 439 440 441 442 443 444 445 446 447 448 449 450 451 452 453 454 455 456 457 458 459 460 461 462 463 464 465 466 467 468 469 470 471 472 473 474 475 476 477 478 479 480 481 482 483 484 485 486 487 488 489 490 491 492 493 494 495 496 497 498 499 500
[OUTPUT]
500 499 498 497 496 495 494 493 492 491 490 489 488 487 486 485 484 483 482 481 480 479 478 477 476 475 474 473 472 471 470 469 468 467 466 465 464 463 462 461 460 459 458 457 456 455 454 453 452 451 450 449 448 447 446 445 444 443 442 441 440 439 438 437 436 435 434 433 432 431 430 429 428 427 426 425 424 423 422 421 420 419 418 417 416 415 414 413 412 411 410 409 408 407 406 405 404 403 402 401 400 399 398 397 396 395 394 393 392 391 390 389 388 387 386 385 384 383 382 381 380 379 378 377 376 375 374 373 372 371 370 369 368 367 366 365 364 363 362 361 360 359 358 357 356 355 354 353 352 351 350 349 348 347 346 345 344 343 342 341 340 339 338 337 336 335 334 333 332 331 330 329 328 327 326 325 324 323 322 321 320 319 318 317 316 315 314 313 312 311 310 309 308 307 306 305 304 303 302 301 300 299 298 297 296 295 294 293 292 291 290 289 288 287 286 285 284 283 282 281 280 279 278 277 276 275 274 273 272 271 270 269 268 267 266 265 264 263 262 261 260 259 258 257 256 255 254 253 252 251 250 249 248 247 246 245 244 243 242 241 240 239 238 237 236 235 234 233 232 231 230 229 228 227 226 225 224 223 222 221 220 219 218 217 216 215 214 213 212 211 210 209 208 207 206 205 204 203 202 201 200 199 198 197 196 195 194 193 192 191 190 189 188 187 186 185 184 183 182 181 180 179 178 177 176 175 174 173 172 171 170 169 168 167 166 165 164 163 162 161 160 159 158 157 156 155 154 153 152 151 150 149 148 147 146 145 144 143 142 141 140 139 138 137 136 135 134 133 132 131 130 129 128 127 126 125 124 123 122 121 120 119 118 117 116 115 114 113 112 111 110 109 108 107 106 105 104 103 102 101 100 99 98 97 96 95 94 93 92 91 90 89 88 87 86 85 84 83 82 81 80 79 78 77 76 75 74 73 72 71 70 69 68 67 66 65 64 63 62 61 60 59 58 57 56 55 54 53 52 51 50 49 48 47 46 45 44 43 42 41 40 39 38 37 36 35 34 33 32 31 30 29 28 27 26 25 24 23 22 21 20 19 18 17 16 15 14 13 12 11 10 9 8 7 6 5 4 3 2 1

[INPUT]
600
52337 9879 27029 23533 92386 16570 75257 41734 79376 15389 95802 92848 91705 100399 48053 45054 7374 46642 9767 87447 58515 43632 66013 32283 47582 43525 6129 11501 101706 102397 60179 51632 40537 5349 50885 98434 33967 53553 28086 12200 94814 31842 52926 83126 2577 62760 55102 67843 35562 77679 95437 75247 48362 2001 35244 64912 19376 42793 11716 2041 91689 78447 54447 98752 57447 17973 43535 94092 2572 69307 59703 84218 97387 43644 92388 46454 74380 15822 61945 58646 82155 88848 91034 53487 40491 102142 84707 47886 49998 92779 33465 25791 27152 2075 92812 58747 80592 31505 97387 71145 84988 17266 78004 31929 23218 81197 82362 53159 84213 40432 5082 65803 46148 66057 41108 46493 41160 379 77869 44097 1620 3579 81994 65566 94123 22408 39038 95687 12408 94672 21019 29673 26369 62004 15857 45539 91164 7105 73072 40073 53466 68795 86625 40088 94988 2425 31924 20965 62460 45122 55858 28483 74391 38171 74089 14237 99989 65277 27191 57423 98389 55667 41021 63709 41561 5485 37905 99771 36624 4898 25468 55740 65542 39561 50077 77479 34352 21280 69114 2893 28746 96649 64038 81840 33117 44673 23363 41264 1723 2965 66351 46052 60077 34066 3775 17837 21398 37027 9396 75746 19375 86293 54076 59647 63307 39983 75622 76401 92390 98155 39290 17148 32409 23832 80932 95789 9450 30362 50279 60935 65872 12099 2923 65963 26567 17767 6576 67874 91715 19784 2968 14230 4401 51622 48730 97686 101985 32960 60423 97604 35380 48792 21281 51750 85606 59460 26501 60190 42847 96317 71002 35652 31724 74193 63445 98190 44959 10442 72592 29749 48120 41784 52959 51766 60294 64543 83573 64129 72843 95650 44497 63937 61054 52094 94949 16440 8369 36949 96037 68766 65526 29327 39574 3160 41130 74773 55399 88186 80238 45733 77712 43528 73323 82651 80365 15060 49106 28551 59045 59317 17299 4312 1401 28408 84061 73054 55892 67286 86591 37383 78443 80335 46341 100650 76139 44724 24892 36779 47886 92460 96281 74551 92591 40056 82000 26169 5940 87790 92787 41657 95039 68362 36023 55713 77651 100041 53763 97662 21476 20546 93762 67962 24338 46791 67131 97013 91425 49659 14471 45912 11540 16613 26814 3763 24886 52773 84989 81020 22997 79368 22591 83346 85207 9606 71581 80825 11053 100345 21119 40858 10919 25830 84880 31812 90224 67621 85249 98509 82689 514 34955 78989 71495 25052 42556 34358 89552 74722 60990 16475 56180 29182 26300 66904 27186 30275 1110 49822 36232 66133 80511 93431 96038 53857 14790 70861 68475 87476 21322 349 64454 38845 89737 8278 84881 9907 51993 39327 38268 57008 25546 34022 54101 2259 57668 53328 81203 68019 63883 56577 28060 35325 83291 30813 61019 24204 28565 9382 5704 4628 57625 52703 39186 46283 15693 26890 52033 76922 26226 86242 97650 21927 67136 26194 33848 80955 31152 46904 92526 79497 3276 56878 25695 15978 92319 8041 49134 7844 86579 52464 24680 5992 77031 73374 29950 9774 64095 96818 32709 36871 37314 89071 97151 5260 90407 84918 98323 65284 25584 33113 35769 6962 8875 54928 26940 64496 6570 1294 63621 14113 17577 55931 88582 6936 43699 37484 18157 52032 67076 40262 50595 74688 80008 45367 56756 41894 61800 84289 49039 84127 98222 30887 13112 23526 9509 22568 24582 31824 30427 29155 28838 6620 17214 70273 27787 13109 14661 73575 12325 26868 70747 29454 86277 56275 46765 16019 77623 27520 34233 89855 98795 7246 47684 6910 12661 85824 64251 25693 9940 92614 19018 57692 13714 17082 60398 5312 73676 13779 35702 74946 63126 63043 8485 66296 59969 5934 20788 39478 29697 89677 100423 59760 94308 46029 71057 46273 19293 93017 57407 62564 71959 85783 100773 27797 25822 86443 49380 22588 6762 95609
[OUTPUT]
102397 102142 101985 101706 100773 100650 100423 100399 100345 100041 99989 99771 98795 98752 98509 98434 98389 98323 98222 98190 98155 97686 97662 97650 97604 97387 97387 97151 97013 96818 96649 96317 96281 96038 96037 95802 95789 95687 95650 95609 95437 95039 94988 94949 94814 94672 94308 94123 94092 93762 93431 93017 92848 92812 92787 92779 92614 92591 92526 92460 92390 92388 92386 92319 91715 91705 91689 91425 91164 91034 90407 90224 89855 89737 89677 89552 89071 88848 88582 88186 87790 87476 87447 86625 86591 86579 86443 86293 86277 86242 85824 85783 85606 85249 85207 84989 84988 84918 84881 84880 84707 84289 84218 84213 84127 84061 83573 83346 83291 83126 82689 82651 82362 82155 82000 81994 81840 81203 81197 81020 80955 80932 80825 80592 80511 80365 80335 80238 80008 79497 79376 79368 78989 78447 78443 78004 77869 77712 77679 77651 77623 77479 77031 76922 76401 76139 75746 75622 75257 75247 74946 74773 74722 74688 74551 74391 74380 74193 74089 73676 73575 73374 73323 73072 73054 72843 72592 71959 71581 71495 71145 71057 71002 70861 70747 70273 69307 69114 68795 68766 68475 68362 68019 67962 67874 67843 67621 67286 67136 67131 67076 66904 66351 66296 66133 66057 66013 65963 65872 65803 65566 65542 65526 65284 65277 64912 64543 64496 64454 64251 64129 64095 64038 63937 63883 63709 63621 63445 63307 63126 63043 62760 62564 62460 62004 61945 61800 61054 61019 60990 60935 60423 60398 60294 60190 60179 60077 59969 59760 59703 59647 59460 59317 59045 58747 58646 58515 57692 57668 57625 57447 57423 57407 57008 56878 56756 56577 56275 56180 55931 55892 55858 55740 55713 55667 55399 55102 54928 54447 54101 54076 53857 53763 53553 53487 53466 53328 53159 52959 52926 52773 52703 52464 52337 52094 52033 52032 51993 51766 51750 51632 51622 50885 50595 50279 50077 49998 49822 49659 49380 49134 49106 49039 48792 48730 48362 48120 48053 47886 47886 47684 47582 46904 46791 46765 46642 46493 46454 46341 46283 46273 46148 46052 46029 45912 45733 45539 45367 45122 45054 44959 44724 44673 44497 44097 43699 43644 43632 43535 43528 43525 42847 42793 42556 41894 41784 41734 41657 41561 41264 41160 41130 41108 41021 40858 40537 40491 40432 40262 40088 40073 40056 39983 39574 39561 39478 39327 39290 39186 39038 38845 38268 38171 37905 37484 37383 37314 37027 36949 36871 36779 36624 36232 36023 35769 35702 35652 35562 35380 35325 35244 34955 34358 34352 34233 34066 34022 33967 33848 33465 33117 33113 32960 32709 32409 32283 31929 31924 31842 31824 31812 31724 31505 31152 30887 30813 30427 30362 30275 29950 29749 29697 29673 29454 29327 29182 29155 28838 28746 28565 28551 28483 28408 28086 28060 27797 27787 27520 27191 27186 27152 27029 26940 26890 26868 26814 26567 26501 26369 26300 26226 26194 26169 25830 25822 25791 25695 25693 25584 25546 25468 25052 24892 24886 24680 24582 24338 24204 23832 23533 23526 23363 23218 22997 22591 22588 22568 22408 21927 21476 21398 21322 21281 21280 21119 21019 20965 20788 20546 19784 19376 19375 19293 19018 18157 17973 17837 17767 17577 17299 17266 17214 17148 17082 16613 16570 16475 16440 16019 15978 15857 15822 15693 15389 15060 14790 14661 14471 14237 14230 14113 13779 13714 13112 13109 12661 12408 12325 12200 12099 11716 11540 11501 11053 10919 10442 9940 9907 9879 9774 9767 9606 9509 9450 9396 9382 8875 8485 8369 8278 8041 7844 7374 7246 7105 6962 6936 6910 6762 6620 6576 6570 6129 5992 5940 5934 5704 5485 5349 5312 5260 5082 4898 4628 4401 4312 3775 3763 3579 3276 3160 2968 2965 2923 2893 2577 2572 2425 2259 2075 2041 2001 1723 1620 1401 1294 1110 514 379 349

[INPUT]
700
294 675 115 251 376 393 394 243 682 373 230 479 169 284 669 591 409 130 654 270 191 557 44 555 361 547 493 560 131 265 353 145 103 61 623 71 574 177 667 444 382 554 213 389 440 322 84 687 520 347 498 417 499 154 82 453 598 314 391 672 488 698 427 141 475 486 436 404 217 385 350 317 164 201 356 508 338 122 507 158 696 24 203 596 594 296 319 156 485 304 329 5 195 335 73 119 664 208 236 603 161 497 127 634 123 641 579 245 60 287 9 277 32 53 101 146 226 70 529 354 387 372 241 565 293 511 109 535 110 545 362 263 517 442 605 439 620 449 62 437 680 43 519 524 66 96 150 225 328 13 77 29 480 624 592 398 336 90 551 521 608 219 21 628 298 411 365 162 28 636 657 223 152 538 590 642 99 155 471 59 282 563 256 430 64 611 388 467 295 548 402 340 266 643 344 215 349 609 93 45 513 30 19 534 227 537 199 410 415 112 237 35 181 58 334 431 378 168 617 455 0 183 627 418 300 492 249 41 384 684 214 246 474 663 182 98 348 606 126 134 174 176 466 656 2 688 379 331 463 380 528 523 646 16 309 17 193 477 595 268 86 546 604 613 345 512 15 573 167 7 105 316 279 142 312 205 452 588 429 509 92 311 542 31 571 185 57 153 363 364 235 374 367 610 111 280 572 487 532 397 238 399 601 676 3 695 269 473 97 281 178 495 658 22 305 125 614 661 377 396 343 589 52 690 390 259 566 536 46 468 456 346 640 248 489 234 324 558 650 673 36 108 240 424 462 26 313 250 697 637 368 165 222 267 341 212 556 607 450 401 612 671 160 458 419 286 288 81 207 1 55 464 694 482 567 420 405 651 188 137 38 128 299 685 465 476 541 180 330 539 290 660 33 510 239 366 204 114 552 173 318 197 469 172 151 638 683 54 274 358 292 198 79 144 483 229 618 504 693 686 355 412 186 459 187 619 56 275 527 14 202 434 395 20 321 447 88 47 196 34 369 278 655 631 403 218 533 625 135 561 597 540 175 206 586 581 252 371 303 689 184 37 72 23 51 10 585 4 228 132 500 95 659 443 454 120 74 525 582 332 370 526 491 674 102 244 422 593 147 76 325 357 516 562 306 143 337 247 461 668 648 339 231 451 283 522 104 40 91 258 257 470 8 448 63 568 171 211 27 133 262 460 408 121 285 351 633 576 587 166 496 148 271 194 670 116 210 113 352 544 272 39 253 118 599 25 580 416 11 441 432 428 159 192 406 323 100 273 320 149 117 163 543 327 106 138 297 342 506 622 531 65 584 549 18 189 678 602 649 333 423 136 209 413 326 653 578 69 383 484 200 426 691 264 6 645 699 308 254 260 392 216 662 302 446 629 375 85 472 569 75 435 644 530 679 575 621 615 301 445 414 666 490 232 307 157 140 553 224 107 255 457 359 83 139 600 12 494 220 577 360 68 501 518 559 692 315 514 438 630 616 635 48 50 515 425 49 550 242 652 291 632 481 89 478 94 42 639 583 129 647 170 276 310 665 570 681 386 677 564 626 221 233 87 407 503 421 78 261 381 190 502 179 433 124 67 80 289 400 505
[OUTPUT]
699 698 697 696 695 694 693 692 691 690 689 688 687 686 685 684 683 682 681 680 679 678 677 676 675 674 673 672 671 670 669 668 667 666 665 664 663 662 661 660 659 658 657 656 655 654 653 652 651 650 649 648 647 646 645 644 643 642 641 640 639 638 637 636 635 634 633 632 631 630 629 628 627 626 625 624 623 622 621 620 619 618 617 616 615 614 613 612 611 610 609 608 607 606 605 604 603 602 601 600 599 598 597 596 595 594 593 592 591 590 589 588 587 586 585 584 583 582 581 580 579 578 577 576 575 574 573 572 571 570 569 568 567 566 565 564 563 562 561 560 559 558 557 556 555 554 553 552 551 550 549 548 547 546 545 544 543 542 541 540 539 538 537 536 535 534 533 532 531 530 529 528 527 526 525 524 523 522 521 520 519 518 517 516 515 514 513 512 511 510 509 508 507 506 505 504 503 502 501 500 499 498 497 496 495 494 493 492 491 490 489 488 487 486 485 484 483 482 481 480 479 478 477 476 475 474 473 472 471 470 469 468 467 466 465 464 463 462 461 460 459 458 457 456 455 454 453 452 451 450 449 448 447 446 445 444 443 442 441 440 439 438 437 436 435 434 433 432 431 430 429 428 427 426 425 424 423 422 421 420 419 418 417 416 415 414 413 412 411 410 409 408 407 406 405 404 403 402 401 400 399 398 397 396 395 394 393 392 391 390 389 388 387 386 385 384 383 382 381 380 379 378 377 376 375 374 373 372 371 370 369 368 367 366 365 364 363 362 361 360 359 358 357 356 355 354 353 352 351 350 349 348 347 346 345 344 343 342 341 340 339 338 337 336 335 334 333 332 331 330 329 328 327 326 325 324 323 322 321 320 319 318 317 316 315 314 313 312 311 310 309 308 307 306 305 304 303 302 301 300 299 298 297 296 295 294 293 292 291 290 289 288 287 286 285 284 283 282 281 280 279 278 277 276 275 274 273 272 271 270 269 268 267 266 265 264 263 262 261 260 259 258 257 256 255 254 253 252 251 250 249 248 247 246 245 244 243 242 241 240 239 238 237 236 235 234 233 232 231 230 229 228 227 226 225 224 223 222 221 220 219 218 217 216 215 214 213 212 211 210 209 208 207 206 205 204 203 202 201 200 199 198 197 196 195 194 193 192 191 190 189 188 187 186 185 184 183 182 181 180 179 178 177 176 175 174 173 172 171 170 169 168 167 166 165 164 163 162 161 160 159 158 157 156 155 154 153 152 151 150 149 148 147 146 145 144 143 142 141 140 139 138 137 136 135 134 133 132 131 130 129 128 127 126 125 124 123 122 121 120 119 118 117 116 115 114 113 112 111 110 109 108 107 106 105 104 103 102 101 100 99 98 97 96 95 94 93 92 91 90 89 88 87 86 85 84 83 82 81 80 79 78 77 76 75 74 73 72 71 70 69 68 67 66 65 64 63 62 61 60 59 58 57 56 55 54 53 52 51 50 49 48 47 46 45 44 43 42 41 40 39 38 37 36 35 34 33 32 31 30 29 28 27 26 25 24 23 22 21 20 19 18 17 16 15 14 13 12 11 10 9 8 7 6 5 4 3 2 1 0

[INPUT]
700
280 501 332 480 244 445 574 368 491 156 213 151 521 307 109 160 383 389 434 685 347 378 61 159 464 212 106 163 448 626 360 131 102 416 454 350 366 646 269 462 225 387 62 570 268 39 175 210 192 682 342 597 43 425 530 28 190 78 114 512 527 403 497 411 363 634 191 235 629 617 455 559 577 55 100 290 136 390 356 150 503 470 205 79 172 301 335 446 539 202 409 459 298 15 532 429 218 401 153 228 395 137 217 181 57 417 312 588 21 40 179 428 379 97 296 673 485 60 67 166 104 168 508 252 184 369 167 507 59 499 31 397 419 549 579 22 69 488 505 89 177 71 215 247 254 182 586 334 121 221 367 551 107 187 568 647 274 115 590 200 74 430 418 36 585 402 135 684 13 388 624 689 195 219 338 189 336 566 207 162 289 8 318 352 675 94 194 615 592 284 697 116 83 229 42 18 220 603 594 371 309 339 433 119 2 359 554 628 223 183 66 277 45 511 463 465 524 467 631 466 636 630 567 103 575 17 127 423 398 644 694 553 413 667 260 468 186 451 259 677 453 222 108 691 271 65 581 19 324 293 616 526 238 174 111 498 310 319 414 51 639 0 394 308 410 302 540 198 32 665 98 304 46 613 232 315 529 514 607 473 535 70 573 199 589 361 656 158 560 341 227 87 676 330 279 35 520 695 288 52 523 86 299 243 141 377 56 7 688 54 139 149 197 582 80 351 25 502 633 364 693 16 144 654 264 146 130 370 432 538 49 157 231 621 671 522 249 331 300 659 326 204 185 536 664 193 422 176 516 273 404 333 426 321 552 457 632 3 311 587 657 696 316 478 258 343 147 362 564 650 662 165 239 26 357 265 494 117 251 648 256 653 392 346 208 12 295 510 282 408 500 72 77 476 528 355 396 354 692 640 328 201 120 91 531 82 384 698 255 322 263 313 618 291 236 637 544 447 680 376 294 68 75 143 248 76 638 437 655 643 622 572 317 493 173 112 661 608 84 155 545 583 373 495 669 534 439 400 138 515 81 652 246 276 506 58 340 690 214 481 245 670 399 484 178 50 275 619 63 606 431 134 211 405 658 209 458 272 128 517 584 563 285 678 442 504 479 407 412 381 565 95 118 683 325 37 133 686 595 169 234 380 171 547 600 23 306 203 27 557 489 483 562 237 353 345 561 148 230 623 93 509 537 436 365 406 450 663 687 327 386 420 92 9 486 140 5 47 38 10 64 393 668 591 126 375 625 242 469 85 96 262 449 188 546 164 452 253 543 487 518 358 604 627 496 122 614 113 314 20 320 440 292 601 142 612 641 283 105 110 305 88 533 226 33 580 558 598 11 681 490 461 525 435 444 519 196 270 344 44 123 427 438 257 348 391 278 415 602 635 472 620 599 145 556 441 241 699 224 286 482 513 266 679 152 1 372 611 578 642 170 593 125 29 609 660 471 24 475 287 541 4 610 421 132 374 30 672 73 474 443 460 456 424 571 477 41 385 281 596 492 99 555 233 206 53 124 329 6 240 90 154 666 605 382 569 297 349 129 180 651 548 34 250 337 674 161 216 550 303 542 649 48 323 261 645 267 101 576 14
[OUTPUT]
699 698 697 696 695 694 693 692 691 690 689 688 687 686 685 684 683 682 681 680 679 678 677 676 675 674 673 672 671 670 669 668 667 666 665 664 663 662 661 660 659 658 657 656 655 654 653 652 651 650 649 648 647 646 645 644 643 642 641 640 639 638 637 636 635 634 633 632 631 630 629 628 627 626 625 624 623 622 621 620 619 618 617 616 615 614 613 612 611 610 609 608 607 606 605 604 603 602 601 600 599 598 597 596 595 594 593 592 591 590 589 588 587 586 585 584 583 582 581 580 579 578 577 576 575 574 573 572 571 570 569 568 567 566 565 564 563 562 561 560 559 558 557 556 555 554 553 552 551 550 549 548 547 546 545 544 543 542 541 540 539 538 537 536 535 534 533 532 531 530 529 528 527 526 525 524 523 522 521 520 519 518 517 516 515 514 513 512 511 510 509 508 507 506 505 504 503 502 501 500 499 498 497 496 495 494 493 492 491 490 489 488 487 486 485 484 483 482 481 480 479 478 477 476 475 474 473 472 471 470 469 468 467 466 465 464 463 462 461 460 459 458 457 456 455 454 453 452 451 450 449 448 447 446 445 444 443 442 441 440 439 438 437 436 435 434 433 432 431 430 429 428 427 426 425 424 423 422 421 420 419 418 417 416 415 414 413 412 411 410 409 408 407 406 405 404 403 402 401 400 399 398 397 396 395 394 393 392 391 390 389 388 387 386 385 384 383 382 381 380 379 378 377 376 375 374 373 372 371 370 369 368 367 366 365 364 363 362 361 360 359 358 357 356 355 354 353 352 351 350 349 348 347 346 345 344 343 342 341 340 339 338 337 336 335 334 333 332 331 330 329 328 327 326 325 324 323 322 321 320 319 318 317 316 315 314 313 312 311 310 309 308 307 306 305 304 303 302 301 300 299 298 297 296 295 294 293 292 291 290 289 288 287 286 285 284 283 282 281 280 279 278 277 276 275 274 273 272 271 270 269 268 267 266 265 264 263 262 261 260 259 258 257 256 255 254 253 252 251 250 249 248 247 246 245 244 243 242 241 240 239 238 237 236 235 234 233 232 231 230 229 228 227 226 225 224 223 222 221 220 219 218 217 216 215 214 213 212 211 210 209 208 207 206 205 204 203 202 201 200 199 198 197 196 195 194 193 192 191 190 189 188 187 186 185 184 183 182 181 180 179 178 177 176 175 174 173 172 171 170 169 168 167 166 165 164 163 162 161 160 159 158 157 156 155 154 153 152 151 150 149 148 147 146 145 144 143 142 141 140 139 138 137 136 135 134 133 132 131 130 129 128 127 126 125 124 123 122 121 120 119 118 117 116 115 114 113 112 111 110 109 108 107 106 105 104 103 102 101 100 99 98 97 96 95 94 93 92 91 90 89 88 87 86 85 84 83 82 81 80 79 78 77 76 75 74 73 72 71 70 69 68 67 66 65 64 63 62 61 60 59 58 57 56 55 54 53 52 51 50 49 48 47 46 45 44 43 42 41 40 39 38 37 36 35 34 33 32 31 30 29 28 27 26 25 24 23 22 21 20 19 18 17 16 15 14 13 12 11 10 9 8 7 6 5 4 3 2 1 0
